0.37503664475563037	0.9159009176352226
0.37485278917134934	0.9158175192258595
0.37477333955030695	0.9157105860380905
0.3746611939619562	0.9156347693023048
0.3745146149394361	0.9155880156485735
0.37433107525822035	0.915564796773237
0.3741132600943672	0.9155693773676882
0.37376529286741544	0.9155835930056572
0.37348003239901933	0.9155619536456455
0.37327501130933094	0.9155016161600842
0.3731131109881198	0.9154112678832714
0.373077413941688	0.9153103368537548
0.37305466892095146	0.915234046263365
0.3729417335749369	0.9151768678084647
0.3727382920005761	0.9151193734504951
0.37252505743117836	0.915063616559385
0.37246219272108794	0.9149956974002462
0.3724416590218125	0.9148266892600563
0.37250389192577094	0.9147001700822046
0.3727555087176615	0.9145472729983779
0.3732533719493249	0.914320296645614
0.3729181987965365	0.9143792125673852
0.37269359171676975	0.9143867942409626
0.3724693005400682	0.9143638912686955
0.3722347425137297	0.9143005527039968
0.37207426375631575	0.914175297138423
0.37209653492245226	0.9140974270327082
0.37222731879168414	0.9139480048826009
0.37228481314965534	0.9137824716761301
0.3720703149679937	0.9136043023470266
0.3713503718810898	0.913265654260519
0.37112671251052026	0.9130350450225011
0.3711553017379732	0.9128763037319453
0.3711842068684914	0.9123653305230631
0.37111976264307334	0.9120633271921761
0.37097792216653913	0.9119543406344779
0.37076073880881927	0.9118309804872985
0.37046331607239036	0.911565306008985
0.3703094712793581	0.9112903123902231
0.3703274777541073	0.9111195667831735
0.37034453651965793	0.9110214788812485
0.3703355332822833	0.9109565608012249
0.3702124890381636	0.9108891154966904
0.3701262475012076	0.9108050852811883
0.37028419903409526	0.9106711423813052
0.370769110240062	0.910262205862649
0.3709738154266851	0.9097553393936139
0.37145714711732136	0.909115793636951
0.3721260718591024	0.9088548577046234
0.3725773393885636	0.9086484150511391
0.37280937019037586	0.9083868473126726
0.37317755521353785	0.9077959506281353
0.37353199845333934	0.9076282061002121
0.37396668107184705	0.907405968293434
0.37413205632678026	0.9071196021643172
0.3739861091103921	0.9069256376819311
0.3737512351809883	0.9066718095685767
0.3737918287249407	0.9064408844274894
0.3740875139945058	0.9061125031906159
0.3750537035211824	0.9057169925522662
0.3758327204813865	0.905308213985156
0.3761419895827816	0.9049258133240321
0.37614988715942566	0.9046070671306652
0.3763222122818058	0.9044028357986337
0.37682181298033157	0.9042188222628236
0.3778652408065897	0.9040144329792684
0.37820072986244335	0.90395314778451
0.3783640517474502	0.9038308932980513
0.378545222155673	0.9036081816366803
0.3789089845359144	0.903268743792499
0.37926279596958246	0.9031483847244458
0.37969984786108457	0.9029774811658615
0.3802525202746595	0.9029529986782584
0.3804600685888742	0.9030593000598884
0.38018238979405694	0.9031419087115891
0.379930615050633	0.9033546694263953
0.3799519385075738	0.9035464225873177
0.38012631699988153	0.903608813442808
0.3805346217123974	0.9036277676267628
0.38102806230114017	0.903725697577153
0.3818127655165273	0.9037443358580272
0.38290263109345424	0.9037792431467994
0.38417903743072307	0.9036152894556647
0.3845012585578148	0.9035630074982739
0.3865776894091605	0.9027869916171947
0.3875930018625656	0.9024121726296482
0.38817489530972393	0.9020912151148175
0.38848195308965944	0.901756673768168
0.38889799742728604	0.9012968768559336
0.3893448423138266	0.9010398897119182
0.3899218392634657	0.9008734087962614
0.3904948874247842	0.9007072437836631
0.3913064424007633	0.900586252909471
0.3948192844921933	0.9002608727517126
0.3962271065048232	0.9002062215213344
0.3966692128453778	0.9001992716538847
0.39691861831580744	0.9001149255353245
0.3969776921891076	0.8999928290004006
0.3968093158550496	0.8997753297396196
0.39746023412208	0.8996960380701036
0.3978153091680134	0.8994854886767724
0.3979960057216376	0.8991544222638309
0.3978265237268476	0.8985431498315599
0.39739405242980086	0.897692422875427
0.39717371004142143	0.8972838022598403
0.39702239247291543	0.8971992981897453
0.39676224629824886	0.8971534922452112
0.396508102281832	0.8971858723094501
0.39525475686836486	0.8974678157956617
0.39430957489556373	0.8976229242009521
0.3934796975417687	0.8976263991346715
0.39286352861197293	0.8975679570675045
0.3922216135823158	0.8973733607789907
0.3916871055950234	0.8970427682206534
0.3912675863236719	0.8968126328372398
0.3912190952030754	0.8966594198503324
0.391401529223562	0.896444763717143
0.3929344488502393	0.8955359105969014
0.39413898724004465	0.8946922914597529
0.39467775991872567	0.8942039053200571
0.3949296926136816	0.8941013947752157
0.39521210995448475	0.8941113457217917
0.39522600968938	0.8942083279629848
0.39474852220545875	0.8946193178515588
0.3948123346247463	0.8947864305733544
0.39518841722455245	0.8948797799292822
0.3956933882751946	0.8949213211824347
0.39619978088963403	0.8949600193079955
0.39650968179716106	0.8950265169033441
0.3965167896161399	0.8951045449605823
0.3958486546320241	0.8950936463048204
0.3952607590266146	0.8950487880694722
0.3947308316337748	0.8949518058282792
0.39448948169152265	0.8949557546166026
0.3942222276978758	0.8951050188151866
0.3941915851004951	0.8952929811393201
0.3939737699366434	0.8955325936147168
0.3939570270741566	0.8957812093274812
0.39388073648377236	0.8958650815914372
0.3936614997561234	0.8959587468504457
0.3935957919184415	0.8960541495763139
0.39369514343262896	0.8961639258916633
0.39476905590473427	0.89606030968609
0.3953229919305731	0.8959527446921932
0.39575609503375164	0.8957417214442579
0.39597138297307855	0.8957094993315425
0.3961116439342823	0.8957546734699489
0.3961399172586699	0.8958214869683669
0.39569449393592515	0.8960637846198205
0.3953024582312975	0.8961898299430566
0.39524986037084564	0.8962506412832222
0.39535142320649264	0.8963509405066109
0.3957014438033721	0.8965032057843099
0.3960972703447898	0.896565754591335
0.39644065697728903	0.8965513810018426
0.39677172339022204	0.8964480806993275
0.3972174626160321	0.8961972536651106
0.3977007943066697	0.8958295424965373
0.39797515611929546	0.8955221688135366
0.39818096696664906	0.895142295376946
0.39845201179708467	0.8949285869529539
0.399608690872424	0.8943779679093025
0.3999819303446386	0.8943846018736827
0.4001987977992931	0.8945057506994095
0.4002166463225104	0.894697977714936
0.4008043839763866	0.8947241976693875
0.4009828692085498	0.8946625965715709
0.401224693005402	0.8943266336611088
0.4012597582457018	0.8940710680808948
0.4013362067876208	0.8939200664154624
0.401559708206657	0.8938679424096062
0.40227349118377775	0.8939244890583788
0.4032197788173094	0.8939639769416021
0.40380230407060114	0.8939025337953089
0.40424251499276	0.8937493208084015
0.4046945722798851	0.8934885428276086
0.40506070393312077	0.8929159685208873
0.40509150448203335	0.8925814271742378
0.4049558241152822	0.8923996249598803
0.40456394636218795	0.8921108895577538
0.40442731828623957	0.8918591148143397
0.40440457326550305	0.8916608856405606
0.40454625579050396	0.8914835060691307
0.40488600953774634	0.8914005815143606
0.40539698274663827	0.8914865071482571
0.40568192731196917	0.8916427212142795
0.40589042333538106	0.8919143978508456
0.40610602717777317	0.8919982701148128
0.4063497463930197	0.8920216469416729
0.40663311144302	0.8919374587746474
0.4067381492123905	0.8918933902969729
0.4068528220252675	0.8918608522811993
0.4069962420171295	0.8918430037579763
0.4070839051178826	0.891833842569074
0.40714060971818994	0.8918159940458623
0.4071587741444725	0.8917791913386959
0.4071087035085469	0.89171174603415
0.40709448787058633	0.8914346990454703
0.40730314184553157	0.8912814860585629
0.40759930096969665	0.8912189372515379
0.4077836304085777	0.8912609523592833
0.408023558787034	0.8912622159715499
0.4081957259578822	0.8912194111061421
0.4082946036174696	0.8911533873653865
0.4084358122878719	0.8910513506751493
0.4086130339077726	0.8910006482330945
0.4089118782079959	0.8909369937653375
0.40910268365972524	0.8908426967002012
0.40923204596515994	0.8907787263293859
0.4094133743249161	0.8907217058260092
0.4096995825025094	0.8906365699497865
0.40991329092650575	0.8906307257430687
0.4101361605394115	0.8906973812899408
0.4105634194358737	0.8907425554283471
0.41124071560889747	0.8907145980070248
0.4118633605515416	0.8906890098587009
0.4121960064798037	0.8906601047281812
0.41243167016687277	0.890592501472112
0.4126276880191866	0.8904770389015684
0.41317514803217703	0.8899366867075511
0.4137455110174359	0.8889801322243811
0.4137906851558423	0.8887951709793738
0.41371865925684537	0.8887586841752767
0.41292100401576015	0.8888025947014164
0.41267870636430937	0.8887749531831635
0.4121296668359913	0.8887065601694206
0.41138776848601616	0.8885471870727372
0.41083951871536184	0.8883698075013072
0.4106289693220223	0.8881734737459226
0.4106374987047983	0.8879352828343272
0.4107423785226355	0.8878253485674431
0.41083620173317176	0.8877493738801228
0.4108758475679256	0.887661552827832
0.41087126697347165	0.8874663247331905
0.4110911355072525	0.8873706061042529
0.41135301914878014	0.8873349090578183
0.41218984637002204	0.8872456664417374
0.41244383243490557	0.8872575128067077
0.41262073815173966	0.8871902254536967
0.41284502932844114	0.8871381014478406
0.4142215769375599	0.8870202696043096
0.4147036450159351	0.8869553515242972
0.4150672494446431	0.8868353083593022
0.4152501573197269	0.8866561913210016
0.41528064196557424	0.8865135610868091
0.4154591271977388	0.8862971674867489
0.41582004645038717	0.8860267544624495
0.416025225491609	0.8858509544063444
0.4163474466187007	0.8856729430287756
0.41585100495083316	0.8857462325400393
0.41520924787270924	0.8859277188513273
0.4147289172611965	0.8860545539322371
0.4140885817468684	0.8861780720309512
0.41346688451342145	0.8863303373086502
0.41239328794438135	0.8865110338622758
0.4109458200969948	0.8867078414722535
0.40977239815917016	0.8867242684316751
0.40977855826895326	0.8866497153081561
0.40987696207394203	0.886582427955145
0.4102787907736095	0.8864969761758529
0.4107798130359297	0.8864570144380366
0.4112073878354586	0.8863740898832665
0.4115182364521814	0.8862199291871619
0.4122072210386394	0.885962784091623
0.4124529936238135	0.8859016568483993
0.41295575335299617	0.8858324740769938
0.4138690291161542	0.8855491090269921
0.4147074358527238	0.8852379445072027
0.41532850128004023	0.8850285007745922
0.4155085660275325	0.8848515950577553
0.4156598835960385	0.8847941006997856
0.41582052030498584	0.8848271125701633
0.41581925669272335	0.8849512624750052
0.4159001278775616	0.8850228145194091
0.4160313856013921	0.8850357665451002
0.4161714886110638	0.8849692689497628
0.41654836096853376	0.8849683212405657
0.41693960691549753	0.8849596339062563
0.4169955217581396	0.8850393994303654
0.4168320419216007	0.8852907003191866
0.4172052813938153	0.8850315018537185
0.41748659307388936	0.8849253584236119
0.41781339479543367	0.8848790786244848
0.4180654854419243	0.8849056144820058
0.418290250473223	0.884950946571947
0.41875573364064467	0.8849488932020179
0.4190258307618831	0.8849043508697392
0.4191728836390018	0.8847928370875189
0.4194810470796664	0.8844796191978116
0.41947615058214716	0.8842583291002308
0.4193512109196316	0.8840510966890841
0.41928329176049006	0.8837513046796609
0.41924617315026114	0.8835206954416429
0.41919041625915243	0.8831732020692912
0.41907337417328244	0.8829915578064684
0.41890673530608546	0.8827329911471281
0.41869049965756133	0.8826508563500317
0.41843635564114445	0.8826172126735262
0.4181804741578666	0.8825815156270915
0.4180640638781271	0.8825203883838678
0.41814082832311134	0.8824493101940681
0.41836843648200295	0.8823774422465948
0.41836053890535885	0.8822055909788132
0.41871687756355325	0.8820814410739714
0.4190585267291914	0.8820125742056243
0.4193183570007914	0.8818816323848675
0.4196541619597117	0.8816856145325522
0.42011601224187667	0.8815374559947002
0.4206994852043641	0.8814219934241565
0.42100828045116057	0.8813905610691148
0.42133050157825236	0.881411884526057
0.4218880704893465	0.881452004215408
0.4225375671925825	0.8814332079829992
0.42294602985663166	0.881364972920791
0.4234353637055176	0.8812477728833876
0.4238512500916123	0.8812164984798695
0.42536379397054885	0.8811785901119823
0.4258314884594302	0.881166743747012
0.4260734702078143	0.8811607415887593
0.42638684604906474	0.8811234650269999
0.4264460778738969	0.8810667604266926
0.4263923743527158	0.8810062649895966
0.4262827559888914	0.88098304611426
0.42580511055343684	0.8809850994841891
0.4242935143836989	0.8810519129826072
0.4240537439567744	0.8810271145919345
0.42398377142770527	0.8809746746830202
0.42402705014771724	0.8808832207454754
0.4242131170534593	0.8807778670730425
0.4245607683773458	0.88069415276061
0.42538606513668537	0.8806624045024989
0.4268542246348794	0.8806979435973987
0.42746139032730196	0.8807083683985677
0.4276411391717276	0.8806691964184138
0.4277106378461982	0.8805905365550366
0.42759849225784885	0.8804232658817063
0.4272786404037501	0.8803269154466522
0.4270020672696633	0.8801504835844083
0.42704787321420024	0.8800670851750452
0.4272164074997916	0.8799713665461187
0.42743659193663774	0.8798846511545599
0.4276266076307018	0.8798691719043357
0.4277417542981774	0.8799091336421632
0.42778629663045187	0.8800696123995673
0.42806918782585507	0.880173070653617
0.428415733489011	0.8801468506991543
0.4287510645933328	0.879995691082176
0.42919238117622077	0.8798052015335204
0.4296469656878735	0.8797236985425516
0.4299944590602267	0.8796235572706975
0.4301584127513641	0.8794788736665761
0.43012934966931254	0.8793858402136953
0.4301525685446477	0.8792877523117815
0.43012524292945853	0.8791994574048978
0.42993238410780155	0.8788011036389453
0.4299532337101437	0.8786295682742332
0.42983034741755594	0.8785257941171252
0.42965044062159696	0.878424231281481
0.4293121084381504	0.8783351466169236
0.4297369980616197	0.8782800215319524
0.43007469843893437	0.8783141390630509
0.4302898284267279	0.8783722652271596
0.4304705249803507	0.8783684743903708
0.4306588032075538	0.8783438339512329
0.43075783881867447	0.8782956587337115
0.4309950820210726	0.8782400597941361
0.4312405387031802	0.8782141557427315
0.43152785254150394	0.8781839869999565
0.43191578150627624	0.8781219120475356
0.43229944577966256	0.8781113292948319
0.4330805161097929	0.878147816098929
0.43352957231779454	0.8781118031494248
0.4339868420055055	0.8779707524305573
0.43501368492081005	0.8775619738634471
0.4354455244117263	0.8774449317775673
0.4357183067090229	0.8774359285401997
0.4359457569163826	0.8773640605927375
0.4376707456070531	0.8765507681498876
0.438000232504657	0.8761592062998613
0.4381393878051316	0.875435472376173
0.43817492690003146	0.8751710615101148
0.4380594643294906	0.8748542107351424
0.4377710448304363	0.874649979403122
0.43737332287062414	0.8745174580670291
0.4369253723233545	0.8744214235350332
0.43645704602834123	0.8743407103017269
0.4361248739546777	0.87424151673907
0.43582350242992673	0.8741047307115841
0.4355410850891236	0.8738632228178043
0.4353515432496581	0.8735695909181683
0.43534759446133464	0.8732680614418854
0.43543209853143106	0.8729644785956734
0.4355276592088283	0.8727600893121183
0.4357729579394025	0.8725757598732274
0.43602267931289873	0.8724035927023878
0.436144617896288	0.8723546277271926
0.43636622389692986	0.8722655430626353
0.43680422349762915	0.8722153144751846
0.43723669479467586	0.8722191053119734
0.4389269341481117	0.8722859188103802
0.4403791405414842	0.8722394810597184
0.4413303246725351	0.8720957451647828
0.4417405248034453	0.871979334885042
0.44186783373895366	0.8718964103302831
0.4418739938487367	0.8718100108417938
0.44183103103179	0.8717444609556424
0.44173373288753165	0.8717114490852645
0.4415680417295318	0.8716759099903647
0.43927332185973433	0.8716604307401515
0.4389771627355693	0.8716391072832094
0.43880420580705726	0.8716266291121113
0.4385863906432041	0.871569924511804
0.4385271588183719	0.8715026371587931
0.43859997447503274	0.8714283999383323
0.43926384476776115	0.8712826106734788
0.4395423133202423	0.8712206936725815
0.44374098096747194	0.8702859365009576
0.4442968124117051	0.8701493084250066
0.44455348365264824	0.8700542216022079
0.4445969203241936	0.8699784048664222
0.4445381623539586	0.8699071687250878
0.44436362591011747	0.869884107801286
0.4440519875357295	0.8698537811069762
0.4400610261542478	0.8706181085746199
0.4388943961323367	0.8707814304596267
0.4384262277888554	0.8707913814061915
0.4381640282442625	0.8707544207475014
0.43792220444741037	0.8706937673588707
0.43787734621207064	0.8706261641027903
0.4379684842465459	0.8705165457389756
0.4388424300780153	0.869913328834875
0.4396358206277133	0.86961764356531
0.4406024840089871	0.8693841911997006
0.44143962713329427	0.8692777318665357
0.4420854909512735	0.8692322418250598
0.442692814595228	0.8692785216241982
0.44375077396251184	0.869391141067139
0.444199830170512	0.8694269960651084
0.44434783075682793	0.8694039351413065
0.44444623456181814	0.8693530747477171
0.4443552544788748	0.8693096380761703
0.4440892640974904	0.8692630423739738
0.4422696624386212	0.8691276779102893
0.44199214159533584	0.8690761857105609
0.4418038633681342	0.8689979997017879
0.4416823986393422	0.8688999117998629
0.4416898223613891	0.8688318346891895
0.4417969135006873	0.8687852389869817
0.44204916209870837	0.8687230060830261
0.442218486141965	0.8686446621227184
0.44240660641763474	0.8685424674809352
0.44256676927198346	0.8685121407866254
0.4436669016985488	0.8684682302604745
0.4450884654945406	0.868430479844122
0.4452799027524004	0.8682433072776509
0.44473354840014057	0.8681475886487132
0.44433977522865187	0.8680594516933642
0.44395468939146976	0.8679106613493845
0.44358460894991336	0.8678037281616154
0.443169512321484	0.8677211195099148
0.44285202974037813	0.8677170127700679
0.4427678415733498	0.8676696273101976
0.4427621553181653	0.8675789631303154
0.4428719316335231	0.8674175366637028
0.4430395182099173	0.8673684137369841
0.4439073039316037	0.8673279781445637
0.44448903942723017	0.8672336810794274
0.4445969203241936	0.8671550212160503
0.4446784233151637	0.8669904357187768
0.44477903844161215	0.8669291505240183
0.4451767604014243	0.8668369068288111
0.44628115751937836	0.8665420113169084
0.44731100151380776	0.8662915001857497
0.4476088981048353	0.8662185265775557
0.4479690275998199	0.8661833033857252
0.4484864768215602	0.8661626117349108
0.44879985266281064	0.8662033632304008
0.4491198624684413	0.866248063514203
0.44897975945876956	0.8661376553927147
0.4489367966418242	0.8660365664116635
0.4488843567329056	0.865990918418664
0.44876368176177883	0.8659563270329613
0.447573832864534	0.8659102051853578
0.447222864558456	0.8658887237768809
0.44709745104134335	0.8658492358936576
0.4470337965735891	0.8657950585178835
0.4470658607347655	0.8657320358562655
0.4471630009274919	0.8656239970077645
0.44772546633610666	0.8653129904395098
0.449111648988732	0.8648702522928247
0.45010626979132823	0.8644489955546051
0.4507123298230189	0.8641883755253469
0.450932514259865	0.8641285118943786
0.45131412516332226	0.8640842854651694
0.45150271929359054	0.8640496940794667
0.4516333452112891	0.8639838282902571
0.4517189549421146	0.8638915845950499
0.4519214488072768	0.8637573257920974
0.4525979552226367	0.8634696960507027
0.45327446163799656	0.8631866469037704
0.454118238726684	0.8629231837469095
0.4546930243548635	0.8628214629597305
0.4554071232350495	0.8627947691506748
0.4560893159055939	0.8628135653830836
0.45732781387496857	0.8627851341071682
0.45765398379038236	0.8627510165760585
0.45822766375783136	0.8627450144178171
0.4585817910945662	0.862763810650226
0.45789485987803735	0.8626350801509218
0.456952836935893	0.8624771286180397
0.4565525877515546	0.8624223194361268
0.4560176059096622	0.8624114207803536
0.45567927372621564	0.8624220035330573
0.4554421884753508	0.8624118946349578
0.4553167749582381	0.8623765134915815
0.45532688385634323	0.8623223361158074
0.4558372252591047	0.8619866891084149
0.4562488469538106	0.8618685413618143
0.45686564768973836	0.8617767715212115
0.45724773244779426	0.8617611343194523
0.4575306236431974	0.8617616081740566
0.457839892744591	0.8617145386172558
0.4587296337293501	0.861485982749167
0.45997160663244824	0.8612422635339121
0.46042966607782443	0.861249055449827
0.46061983972342047	0.8612809616594729
0.46111201669990076	0.8613627805535111
0.46149741844014674	0.8614444414960145
0.46170275543290185	0.8614589730370418
0.4619752218271332	0.8614697137412801
0.4623072359492634	0.8614329110341137
0.4628043094232629	0.8612939136851752
0.4625793864404295	0.8612534780927547
0.46178030963554983	0.8610734133452568
0.4609352689345986	0.8608939804038979
0.4604923728363801	0.8608210067957037
0.4604260331925677	0.8607898903437315
0.4604284024655606	0.8607462957206501
0.46061067853451393	0.860594504297544
0.4607722629526584	0.8604599295915221
0.4617267640659008	0.8601394459312955
0.46226032434399594	0.8600121369957815
0.46235588502139324	0.8599112059662649
0.4624127475732339	0.8597699972958627
0.4626474635511043	0.8595997255434172
0.4633656691711472	0.8592923518604165
0.46428352552875923	0.8589892428687975
0.46458852993876554	0.8589007900103903
0.4647212092263918	0.8590007733306985
0.4647714378138508	0.8591795744659297
0.46477033215312025	0.8592533378317863
0.46476859468625786	0.859370853772259
0.46486210199372746	0.8592173248822934
0.464878055098549	0.8590658493622568
0.4648281424141567	0.8589467539064591
0.4648047655872896	0.8588679360915473
0.4648856367721278	0.8588347662696347
0.4652535058922246	0.8586431710602472
0.46582686995660827	0.858288096014318
0.4662474948886889	0.8580805477001019
0.4664534636875745	0.8580431131868077
0.4666055710137458	0.8579968333876693
0.46671803250516175	0.8579173837666297
0.4667090292677871	0.8578350910179874
0.46682338617759894	0.8577362133583999
0.46715887523345256	0.8576289642675726
0.46730371678911165	0.8576216984970534
0.4673934332597911	0.8576706634722485
0.4673534715219706	0.8577730160655664
0.4673223550699914	0.8578500964136188
0.46719962672893833	0.8578769481742092
0.4671904655400304	0.8579230700218128
0.4672438531581462	0.8579532387645878
0.4673754267850419	0.8579415503511522
0.4677276587033824	0.8578917956182947
0.46781784902866186	0.8578529395412102
0.46783301237581953	0.8578074494997344
0.4677695158595986	0.8577828090606077
0.46762909694686017	0.857779018223819
0.4675727082496196	0.8577483756264286
0.467567653800567	0.8576637136048101
0.46769670020293647	0.8575597814961673
0.4679214652342366	0.8574019879148087
0.46807989062172284	0.8573733986873585
0.4681601300004305	0.857317957699318
0.4682427386521311	0.8572009156134494
0.4683534626766847	0.8572078654808878
0.46855658834797875	0.8572253981010413
0.46866983959706	0.8572013894680424
0.468658940941291	0.85711072528816
0.46863635387208785	0.8568704810066469
0.46880946875213325	0.8567831338089603
0.46917023005324965	0.8567226383718642
0.46945754389157207	0.8567505957931755
0.46964029381512395	0.8568121968910034
0.4697169003085748	0.8568968589126331
0.4699228691074605	0.8571228875561999
0.470071185596843	0.8572549350376886
0.4701943877924946	0.8572737312701086
0.47037287302465924	0.8572397716905337
0.470469065508187	0.8571866999754804
0.4704810698246865	0.8571445269162002
0.47024398457382166	0.8569147074358561
0.4699069160026389	0.8565853784897742
0.4698895413340216	0.8565326226777904
0.4699612513299519	0.8564774975928192
0.47118616546749936	0.8561448516645529
0.4718435597473795	0.8560240187418956
0.47233526286925975	0.8560011157696286
0.4729248959415303	0.8560428149743045
0.47372871129239724	0.8561427982946238
0.47417508232433925	0.8561724931828059
0.4747195412582048	0.8562361476505629
0.47501712194616563	0.856352399978769
0.47542684822247727	0.8564091045790763
0.47597446618699957	0.8563531897364315
0.4761998630244316	0.8564177919133856
0.476891848690013	0.8566978399811916
0.4769147516622829	0.8567764998445688
0.47691175058315805	0.8569153392419837
0.4770024147630346	0.8570099522101783
0.47744404724899075	0.8572974240000382
0.4801202200707121	0.8580317406764303
0.4819758346790811	0.8589969824939098
0.4834100345977044	0.8597643110406796
0.4844901071795928	0.8605640196516996
0.48535726109514865	0.8613498285278088
0.4853673699932524	0.8614250134574668
0.485313508520538	0.8615071482545744
0.48518572573043106	0.8615414237372077
0.4849549585408826	0.8615466361377977
0.4847676280228767	0.8615128345097575
0.48460778107159475	0.8615221536501946
0.48446467698279805	0.8615832808934183
0.4843593233103609	0.8616761563947644
0.4843447917693351	0.8617549742096763
0.4844160279106682	0.8617843531947889
0.48460746516852804	0.8617860906616485
0.4847796323393762	0.8617484981968195
0.48517672249305643	0.8617094841682004
0.48549704820175377	0.8618023596695353
0.4856876957019498	0.8619238243983315
0.48566416092354936	0.8620225441063842
0.48549057218890546	0.8622311980813322
0.4853760573275617	0.8623466606518759
0.4853539441129572	0.8624131582472132
0.48538569237106827	0.8624445906022662
0.4855409587278964	0.8624611755132112
0.4856921183448704	0.8625069814577565
0.48584312001031116	0.8626229178828932
0.4858620741942576	0.8627036311161995
0.48581721595891786	0.8628641098736148
0.48572971080969796	0.8629524047804985
0.4856546838315762	0.8630388042689878
0.48564299541814193	0.8631201493084218
0.4856984364061868	0.8631773277633333
0.4857764644634335	0.8632196587741482
0.48581532054052345	0.8632555137721063
0.48581516258899016	0.8633024253773723
0.4855208988832194	0.8636483392343992
0.48512854727552657	0.863887319903657
0.4849192614944494	0.8640321614593133
0.4848908302185298	0.8641111372257599
0.4849238420889034	0.8642055922424309
0.48496017094146704	0.8643221604737065
0.4849086787417457	0.8644382548503778
0.4848151714342761	0.86451012279784
0.48469639188154506	0.8645314462547822
0.48445377832702907	0.8645293928848531
0.4838636714001585	0.8644570510827868
0.4834833241089637	0.8643739685764932
0.48331384211417516	0.8643572257140022
0.48298925171409046	0.8643659130483115
0.48277301606556644	0.8644112451382526
0.48278423062440207	0.8644382548503778
0.4828567303779976	0.8644633691441088
0.4848037989239085	0.8646862387570032
0.48515682059991283	0.8647508409339575
0.4852019947383192	0.8647950673631667
0.48519220174327937	0.8648446641444896
0.485120649698881	0.8648972620049499
0.4849486404795662	0.8649316954391179
0.4847279821881215	0.8649692879039468
0.48454617997376814	0.8650150938484809
0.4843681685962036	0.8650488954765211
0.4841937901038944	0.8650566351016333
0.48396934097566097	0.8650470000581267
0.4837687425288931	0.8650582146169582
0.4836862918287259	0.865087593602082
0.4836632309049241	0.8651333995466162
0.48369703253296154	0.8651815747641488
0.4837559484547284	0.8652100060400642
0.48385687948424494	0.865237331655259
0.4839747113277788	0.865286296630454
0.48405431890035455	0.8653191505492859
0.4841130768705895	0.8653824891139734
0.48411734156197683	0.8654355608290267
0.4839557571438323	0.8655838773184135
0.48371677647457323	0.8656453204647067
0.4833026275553409	0.8656739096921569
0.4830688592866662	0.8657039204834083
0.4829233859248766	0.8657644159205043
0.4828747368527468	0.865852710827388
0.48294123444809256	0.8659391103158774
0.4831565223874194	0.8660323017202818
0.483358542397983	0.8661305475737414
0.48344241466194604	0.8662289513787247
0.4833612275740412	0.8663161406248765
0.48302589646972083	0.8665598598401314
0.4825580440293062	0.8670580389748572
0.48224798517024725	0.8674818229375988
0.48221370968760985	0.8675284186397954
0.4816818868763757	0.8677830365108122
0.48102654596642325	0.8682957471865652
0.48058996792952113	0.8687454352007001
0.47981521566070573	0.8694317346110942
0.47597746726612444	0.8718248582858792
0.4742022499879964	0.8734004248264436
0.47403355775087175	0.8737158540376148
0.4737121263814452	0.874217508106071
0.47331898501608566	0.8746787265821069
0.47315124048815954	0.8748621083117892
0.4730112954300211	0.8749150220753078
0.4728805115607892	0.8749121789477163
0.4727475163700977	0.8749148641237731
0.47260915082728694	0.8749439272058275
0.47256776752567065	0.8749908388110934
0.4726656974760609	0.8751505278108351
0.472739144938855	0.8753250642546847
0.4727344063928677	0.8754632718459607
0.4726552726748905	0.8755610438448163
0.47232562782575327	0.8756697144994449
0.4721007048429212	0.875822927486341
0.4718040718641576	0.8762583998625183
0.4718661468165827	0.8764308829364275
0.47178875056546654	0.8765610349995331
0.47121175361582746	0.8772620239024891
0.4706830898352501	0.877787370700875
0.4706364941330493	0.8779541675196011
0.4706352305207855	0.8781334425094365
0.4705512003052891	0.8782531697713619
0.46942753310032337	0.8792872784571772
0.4681651844494831	0.8804490119815649
0.46742344405103986	0.8811146197411558
0.46669228640530175	0.8817702765541819
0.46567997503102154	0.8828440310747554
0.4649279677829427	0.8838181181780677
0.4641055141511946	0.8847541389619693
0.4633863608219546	0.8854777149341229
0.46224231786924674	0.8863058548210583
0.4620502488052549	0.8863846726359702
0.461664373210409	0.8864666494815431
0.46119652076999573	0.8866279179966209
0.46065064027233443	0.8869635650040023
0.46010712904766604	0.8875203441574298
0.45916242092946347	0.8887479434710382
0.45895092382692676	0.8890229370898001
0.45796925505002717	0.8902979218632676
0.45728232383349693	0.8914290127902761
0.45542149682454336	0.8927286380028815
0.454836918201324	0.893031431091431
0.4535954191528244	0.8935820501350824
0.4535556153665359	0.893621853921364
0.45354045201937954	0.8936660803505733
0.45355293019047765	0.8937020933000773
0.4535921021706343	0.893742844795556
0.45331268590895457	0.893908220050492
0.4534404686990616	0.8939466022729834
0.45339592636678716	0.8939720324697837
0.4531318314037985	0.8938832637082958
0.4529854103328103	0.8939973047150381
0.4530906060537141	0.8940375823559239
0.45301384160872993	0.8940873370887927
0.45285652188197417	0.8940243144271635
0.4524035168856505	0.8942757732675193
0.452413783735289	0.894309890798629
0.4528734226959929	0.8944959577043682
0.4539934570157018	0.89387015373107
0.45411966029047973	0.8939184869001262
0.4541157115021577	0.8940091510800086
0.4541683093626096	0.8940559047337399
0.4542139573556146	0.894111187770257
0.45422943660583753	0.8941628379215089
0.4542308581696333	0.8941982190648741
0.4542087449550287	0.894253028246787
0.45408254168025075	0.89436359431981
0.4535884692853775	0.8946589636863056
0.45352923746054397	0.8947382553558217
0.45350696629440734	0.894823075328975
0.45464500708886557	0.896906929902376
0.4546143644914849	0.8969922237301334
0.45451911971715286	0.8970735687695673
0.45433621184206907	0.8971168474895794
0.45413750881369563	0.8971242712116222
0.4539454397497039	0.8971001046270884
0.4538086537222236	0.8970558781978905
0.4536954024731424	0.8969290431169806
0.45277343937567494	0.8950974371416092
0.45239719882433554	0.8951933137220702
0.45222613731421785	0.8952850835626732
0.45206249952614574	0.895428661506074
0.45194766876173675	0.8955057418541263
0.4518066180428678	0.8955488626226037
0.4516432961578609	0.8955720814979402
0.45135187557968315	0.8955635521151544
0.4511174755048765	0.8955554965869839
0.4510899919381541	0.8955870868935604
0.4510922032596151	0.895615360217941
0.45110357576998267	0.8956412642693343
0.45127890197148907	0.8958436001829716
0.4510847795375696	0.8958834039692531
0.45088339133313654	0.8956406324632066
0.45073286352229436	0.8955678168065473
0.45057696535933445	0.895493895489156
0.44967679957340495	0.8958690303797607
0.44952485019876703	0.8957905284679183
0.4494253407330477	0.8957808934244117
0.4493318334255781	0.8957895807587211
0.4489189481186083	0.8959431096486867
0.4486837582861378	0.896043092969006
0.44837480508780936	0.8962229997649692
0.44788736665731643	0.8966003459770377
0.44768408303448903	0.8968323767788458
0.44762769433724836	0.896974217255387
0.4476280102403136	0.8970299741464859
0.4476444371997352	0.8970819402008073
0.4476899272412068	0.8971189008595085
0.44779212188298434	0.8971601262095915
0.44926691534556	0.8974736600023795
0.44947004101685406	0.8975107786126042
0.4496775893310688	0.8975297327965478
0.44988987619127085	0.8975128319825333
0.4501078493066559	0.8974731861477753
0.4503051307712336	0.8974130066137487
0.45087438809576197	0.8971557035666751
0.45122425074110944	0.896994435051586
0.45142390147868006	0.8969323600991651
0.45157174411346257	0.8969121423029549
0.4517355398530681	0.896924620474053
0.4518389981071095	0.8968736021289287
0.4519615684966306	0.8968502253020687
0.452097564766447	0.8968627034731668
0.45218554377026543	0.8969042447263079
0.45223466669699386	0.8969562107806294
0.4522221885258958	0.8970141789932033
0.4521733815022341	0.8970647234837233
0.452058708689357	0.8970996307724954
0.4519473528586701	0.8971037375123536
0.4519855771296296	0.897140540219509
0.45198763049955726	0.897220937549757
0.45192223856494207	0.8972959645278802
0.4506401459724887	0.8978527436813076
0.45032977121036444	0.8979304558354876
0.4499953878152399	0.8979704175733039
0.44959055803644754	0.8979762617800218
0.44919078270670915	0.8979344046238111
0.44660732743479215	0.8973989489273145
0.44647180501957434	0.8975174125769845
0.4462167132939603	0.8976301899714714
0.445941403772136	0.8976857889110468
0.44385565378034897	0.8981065717946508
0.44323000775858	0.8983133303512045
0.44280969872956466	0.8985017665299423
0.4424047109992404	0.8986323924476408
0.44179722940375254	0.8988254092208298
0.4408635778928509	0.8991863284734768
0.44007998033819423	0.8994878579497597
0.43976960557606865	0.8996548127200206
0.4391741282970803	0.8999643977244851
0.4391870803227783	0.9000353179627502
0.4392104571496454	0.9001255082880282
0.4391600706106545	0.9002013250238138
0.43908188460187453	0.9002667169584304
0.43893767485234736	0.9002986231680763
0.4387852516231109	0.9002889881245698
0.43865810063913574	0.9002468150652897
0.43851057390741843	0.9002104862127274
0.43829117922823624	0.9002288085905432
0.43812643577943494	0.9003081002600481
0.438136702629072	0.9003960792638737
0.43802929558670856	0.9004565747009696
0.4378666055078336	0.9005118577374756
0.43751247817109873	0.9007017154800034
0.43690404886641376	0.9011671986474322
0.43694290494350513	0.9012959291467364
0.43696944080102895	0.9014346105926054
0.43677721378550527	0.9016762764379312
0.43642419210949956	0.9021649784806852
0.43597118711317734	0.9028538051156014
0.435782592982909	0.9032761675145529
0.43542657022777986	0.9035277843064434
0.4352212332350248	0.903672941765158
0.4348803738270519	0.9039149235135533
0.4347453252664327	0.904117891233307
0.43446038070110327	0.9043665069460713
0.43352230654728097	0.9050913465305028
0.4332169862342079	0.9053080560336213
0.4322072020844554	0.9059667139257624
0.43135979211051123	0.906613209549875
0.4306862867742762	0.9071087035085441
0.4301726283893246	0.9075895079746512
0.42964822930013596	0.908109168517854
0.42946232034592724	0.9082519567035923
0.42916189653037345	0.9083697885471234
0.4288549967019728	0.9084176478615865
0.4285768440525569	0.9084994667556248
0.4282680488057604	0.9086272495457317
0.42785611120798916	0.90892024963924
0.427517305169944	0.9091882933905522
0.4266128746926272	0.9097509167506974
0.42569422857734995	0.9101994991041005
0.4248924665964107	0.910559628599085
0.42459046326552785	0.9107515397115421
0.4242769294727454	0.9109720400514492
0.42395597195791757	0.9111083522243308
0.4235223950001389	0.9112530358284636
0.4231245150887949	0.9113410148322778
0.42273769178475173	0.9113937706442617
0.42246617309971757	0.9114514229537661
0.4222929002681388	0.9115390860545222
0.42224030240768695	0.9116556542857865
0.4221618004958417	0.9117365254706276
0.42203085867507784	0.9117831211728353
0.4218319976951711	0.9117720645655274
0.4215371021832699	0.9117134645468258
0.42138546871169724	0.9116368580533777
0.42133002772365374	0.9115559868685367
0.4212398373983743	0.9115163410337899
0.4209830082058992	0.9115305566717475
0.4206705800738459	0.9116299081859279
0.4203384080001824	0.9117837529789631
0.420225788557233	0.9119030063862954
0.42016813624772853	0.9120295255641359
0.4201253313823165	0.9120758053632742
0.4200630984783581	0.912106132057584
0.420002603041262	0.9121197158894139
0.4199342100275219	0.9121235067262026
0.4198683442383081	0.9121086592821172
0.4198214326330406	0.912054008051739
0.41975019649170764	0.9118924236335917
0.41969380779446697	0.9118388780639455
0.419584821236773	0.911821345443792
0.4194526158037467	0.9118211874922573
0.419350737065033	0.9118425109491994
0.4192607046912869	0.9118785238986923
0.4191875731315609	0.9119364921112663
0.4191425569446878	0.9120991821901454
0.4191084394135838	0.91214467223161
0.41899897900129257	0.9122018506865216
0.41867517835887175	0.9123184189177859
0.41853823437985815	0.9123399003262628
0.41822138360488426	0.9123664361837839
0.4180084649385517	0.9124139795951888
0.4177156227965768	0.9125201230252842
0.4169347104179783	0.912796222304778
0.41677865430348504	0.9129017339287456
0.41663555021468834	0.9130230407060071
0.41654393832561315	0.9131255512508486
0.4164565911279266	0.9131778332082394
0.4163033781410248	0.9132296413110261
0.41613010530944616	0.9132402240637298
0.4159813149654664	0.913238486596859
0.415851636756965	0.9132531760894209
0.4157249596275885	0.9133051421437423
0.4155556355843333	0.9133817486371903
0.4153651460356692	0.9134266068725273
0.41513248342772646	0.9134444553957501
0.41487454857451944	0.9134338726430464
0.41454995817443474	0.91338348610405
0.4143221920640098	0.9133593195195275
0.4141353354006039	0.9133716397390909
0.4139761202554524	0.9134141287014292
0.4121410393463588	0.9141268060178209
0.4117011443272666	0.9142582216931932
0.4113915593228049	0.9142888642905723
0.41094613600006147	0.9142847575507141
0.41048776065162	0.9142730691372786
0.4100938295285981	0.914262960239179
0.40968757818600987	0.9143250351915999
0.4091405920276181	0.9144900945434664
0.40873386683043134	0.914589919912251
0.40846266404846243	0.9146561016045301
0.40738022219358105	0.9149287259502934
0.40669408073471464	0.915173550826269
0.4057458976827886	0.9154945083410998
0.40509308399736244	0.915771397378256
0.40473690329069995	0.9159050243750808
0.40443837489354195	0.9159625187330506
0.40428152902138337	0.9159748389526139
0.4041829672648612	0.9159637823453172
0.40413115916207454	0.9159394578092488
0.40412784217988296	0.9159122901455888
0.4041845467801903	0.9158816475482096
0.4049071750431523	0.9156695186395423
0.4058352982504029	0.9153537735253017
0.40624470862364914	0.9151956640408736
0.4061692077909288	0.91516170446131
0.40515705436818195	0.9154597590038623
0.4045791097093442	0.915604916462588
0.4040374939030716	0.9156941590786689
0.40379014180256834	0.9157167461478778
0.40359207058032676	0.9156974760608647
0.4033939993580853	0.9156309784655161
0.40322941386081596	0.9156063380263895
0.4030544035623762	0.9156101288631782
0.4028752865240811	0.9156390339936977
0.4026576293117613	0.915663358529755
0.40232608904422973	0.9156949488363426
0.4020561498745232	0.9157435979084683
0.40183928241986866	0.9158105693584098
0.4016189400314892	0.9159415111791779
0.40147867907028545	0.9159977419248809
0.40109390913617005	0.9160844573164397
0.40093690531247955	0.9160951980206782
0.40084782064793056	0.9160789290127914
0.40086867025027134	0.9160377036627084
0.40111949728449814	0.9159587278962619
0.40161388558243805	0.9157393332170753
0.4015816634697283	0.9157115337472876
0.4014831017132061	0.9157015828007229
0.4013182003128716	0.9157157984386806
0.40096849561905734	0.9158236793356468
0.4004894286198071	0.9159675731821059
0.4001619950921308	0.9160179597210912
0.3998397739650391	0.9160489182215399
0.3995538816905111	0.9160656610840309
0.39933969941191605	0.9160996206635946
0.39920038615990816	0.9161509549117883
0.3991122492045564	0.9162389339156025
0.39911777750820754	0.9163588191290627
0.3990871349108269	0.9164291075612
0.39899346965182536	0.9164734919419439
0.39886663457091553	0.9164937097381541
0.3987472232120526	0.9164837587915782
0.39841631475065153	0.9164513787273393
0.3980828790647255	0.9163657689965125
0.39781057062202607	0.916222033101588
0.3976483543977497	0.9161951813409975
0.39745296835156785	0.9162005516931112
0.3970200231999211	0.9162593096633476
0.3964738267991945	0.9162858455208686
0.3961075371944269	0.9162877409392629
0.39564600281532863	0.9162539393112339
0.3949598613564636	0.9162010255477153
0.3944498358567674	0.9161759112539845
0.3941334589363935	0.916178754381576
0.3937783838904601	0.9161906007465351
0.3934757487534467	0.9162285091144335
0.3930565453851619	0.916280949023348
0.392568317197005	0.9163776153614828
0.3918747520160945	0.9165625766064901
0.3915667465269619	0.9166647712482733
0.39137767854209493	0.9167131044173294
0.39116791890642066	0.9167434311116505
0.3909376255714694	0.9167518025428903
0.3896950208622394	0.916701416003905
0.3892939819202357	0.916650239707246
0.3890895926366792	0.9165886386094182
0.3890011397782621	0.9165264057054625
0.3889962432807429	0.9164862860161115
0.3890902244428111	0.9164477458420853
0.38969849579596283	0.9163850390835255
0.3899343174345638	0.9163416024119787
0.3899377923682873	0.9163051156078816
0.3898657664692904	0.9162788956534301
0.38924754416956686	0.9161912325526741
0.38883892355398575	0.9160550783313272
0.3877479523163284	0.9156306625624578
0.38739319317346166	0.9155861202301792
0.3869875736370054	0.9155761692836032
0.38655289101849766	0.9156167628275584
0.3862940084560935	0.9156924216118093
0.3860973587976478	0.9158217839172412
0.3859814223725083	0.9159895284451758
0.3857745058644255	0.9163918309994404
0.3854996701971998	0.9166379194876827
0.38513085336790587	0.9168315680669994
0.3848436974811154	0.9169685120460087
0.38468764136662215	0.9170053147531753
0.38453442837972174	0.9170132123298221
0.38442370435516676	0.9169743562527266
0.38440806715341047	0.9169220742953469
0.38445750598320416	0.9168753206416156
0.3845252671908138	0.9168205114597027
0.3845483281146156	0.9167702828722409
0.38450362783080777	0.916729531376751
0.38366000869365224	0.9165567323997723
0.38340633853183537	0.916476019166466
0.3833616382480276	0.9163788789737382
0.3833951239729998	0.9162612050817419
0.38351690460485705	0.9162024471115056
0.3836710653009546	0.9161691193380694
0.383774997409596	0.9161204702659326
0.38381748637194274	0.9160503397853412
0.3837888971444898	0.9159851058022481
0.3837023397044671	0.915970100406628
0.38351548304105987	0.915942458888375
0.38326007541238055	0.9159501985134872
0.38315630125527245	0.9159920556696979
0.38276521325984203	0.916159958149156
0.38249732746006465	0.9162662595307973
0.38231473548804606	0.9163096962023328
0.38210781897996193	0.9163324412230763
0.38187231324442616	0.9163337048353318
0.38159495035267416	0.9163011668195582
0.38120196693884933	0.9162269295991087
0.38103753939311336	0.9161790702846343
0.3808617393370084	0.9160456012393442
0.38078497489202556	0.9159377203423892
0.3806101225451178	0.915851162902365
0.38037730198564024	0.9158159397105347
0.38003470511080634	0.9158134124860013
0.37974423224182574	0.9157974593811841
0.3795216785319867	0.9157429661023405
0.3792991248221476	0.9156564086623165
0.37911906007465535	0.9156218172766138
0.3788691807496257	0.9156303466593885
0.37725649559883934	0.9159369305847267
0.37708638179791887	0.9159342454086586
0.37668186792219177	0.9159056561812086
0.37642946137263733	0.915859060479012
0.37630736483771476	0.9157968275750451
0.3762255459436794	0.9157489682605819
0.37603474049195007	0.9158239952387051
0.37575958892165906	0.9159066038904057
0.375439421164495	0.9159404055184459
0.37503664475563037	0.9159009176352226
