0.8343884495730259	0.8857064287537465
0.8348337149442375	0.885557006603639
0.8351936864876887	0.8854695014544177
0.8353374223826173	0.885405689035126
0.8353843339878847	0.8852622690432711
0.8351342967113232	0.8851428576844039
0.83463043132141	0.8850550366321133
0.8343293756997258	0.8849913821643675
0.8340158419069434	0.8848557017976135
0.8346940857891644	0.8845369556042466
0.8348888400292157	0.88440743534728
0.8350117263218021	0.8842979749349889
0.8350963883434304	0.884158029876842
0.8349951414108486	0.8836740663800738
0.8350856476391934	0.883472204321052
0.8351251355224152	0.8831338721376026
0.835100968937883	0.8828911006315561
0.8353710660591227	0.882690818087848
0.8355024817344852	0.8825466083383194
0.8355429173269042	0.8824134551960988
0.8357147685946872	0.8822978346740203
0.8359654376773792	0.8821755801875729
0.836060524500178	0.8821550464882932
0.8361867277749558	0.8823908681268899
0.8364625111513787	0.8825202304323331
0.836874290797618	0.8826012595686976
0.8372694855329039	0.8826101048545417
0.8374100623971743	0.8826341134875407
0.8375579050319567	0.8827102461263958
0.8377641897339091	0.8826639663272575
0.8379106108048958	0.8826625447634673
0.8379933774081297	0.8827105620294653
0.8380573477789492	0.8828143361865733
0.8380355504674099	0.8828459264931497
0.8379651040837421	0.8828623534525712
0.8378625935388979	0.8828588785188408
0.837767190813034	0.8828595103249797
0.8377259654629495	0.8828934699045434
0.8377103282611947	0.8829495426987231
0.8377491843382847	0.8830316774958195
0.837920719703001	0.8831245529971655
0.8382761106519996	0.883185838191924
0.8387016320815994	0.8832344872640496
0.8392617282172198	0.8832466495320783
0.8400470632387389	0.8833295740868484
0.8429303105200778	0.8839304217179503
0.8449978960855823	0.8846405718098199
0.8476533772564961	0.8856184497499322
0.8487380304328386	0.8862396731287792
0.849928353184682	0.8866975746226192
0.8506345544882253	0.8868272528311206
0.8514233644434679	0.886919970380932
0.852749209610529	0.8870082652878157
0.8542664920354528	0.8870401714974504
0.8556983226810817	0.8870043164994923
0.8562115072114361	0.8869198124293972
0.8565717946579526	0.8867523838045321
0.856857844884014	0.8863428154797596
0.8571996520011826	0.8861477453366415
0.8574686434616919	0.8859847393546928
0.8574918623370257	0.8858405296051755
0.8575032348473932	0.8854263806859405
0.8576727168421832	0.8851722366695166
0.8580925520165985	0.8848999282268227
0.8583266361883385	0.8847277610559717
0.8584638960704187	0.884683850529832
0.8586104750929388	0.8846879572696902
0.8593525313944472	0.8848637573257951
0.8595288053051494	0.8848805001882749
0.8596853352742427	0.8848699174355712
0.8601384982220983	0.8847590354594899
0.8603326206560178	0.8847612467809425
0.8605297441690621	0.8848160559628555
0.8606791663191737	0.8851155320692092
0.8608792909113429	0.8853028625872151
0.8613537773161378	0.8856464071712546
0.8615169412496114	0.8858501646486708
0.8615445827678672	0.886138584147728
0.8614370177739704	0.8863034855480597
0.8607589318432814	0.8865975913022999
0.8604992595232147	0.8867992954097982
0.8603686336055162	0.8870406453520545
0.8603842708072711	0.8872335041737087
0.8615226275047959	0.8870076334816768
0.8625523135476934	0.886899594633187
0.8636848260385004	0.8869357655342146
0.8639918838184344	0.8869987881958327
0.864224230523312	0.8871523170858095
0.8643081027872764	0.8873281171419145
0.8642562946844884	0.8876081652097205
0.8640725970517407	0.8877710132401232
0.8637015689009858	0.8879131696197227
0.8630760808307502	0.8880066769271965
0.8624340078495596	0.8879956203198998
0.8612572689295434	0.8879138014258616
0.8607012795337783	0.8878964267572429
0.8606284638771162	0.8879019550608912
0.8605736546952046	0.8879239103239611
0.8605736546952046	0.8879621345949178
0.8606234094280636	0.8879973577867594
0.8607049124190337	0.8880159960676335
0.8612041972144928	0.8880981308647412
0.8613482490124867	0.8881510446282598
0.8614671865167525	0.8882393395351434
0.8615447407194005	0.8883930263766439
0.8615319466452358	0.8886010485454529
0.8613931072478279	0.8890475775289268
0.861403216145933	0.8892458067027058
0.8616038145927007	0.8895650267506657
0.8620225441063869	0.8898619756324975
0.862569372313244	0.8900799487478825
0.8633562868500922	0.8902848118860418
0.8634913354107114	0.8903693159561368
0.8634905456530476	0.8908919775784658
0.8633692388757903	0.8909712692479708
0.8632848927572273	0.8910902067522336
0.863256619432841	0.891164128069625
0.8633120604208844	0.8912385232416205
0.8639288611568121	0.8915912290145622
0.8641820574640319	0.8916375088136893
0.8644106133321207	0.8917442840499237
0.8645671433012125	0.8919129762870553
0.8647478398548367	0.8921759655893121
0.8653676416698893	0.8925973802790552
0.8660736850218993	0.8928870633903677
0.8675053577159962	0.8933043713402637
0.8681573816437572	0.8935626220965346
0.8690845571418105	0.8938284545263829
0.8707226724893917	0.8941895317305647
0.8716326312703596	0.8944209307262451
0.8730279751118929	0.895028570273262
0.8738502707921075	0.8953732205180334
0.8740244913328834	0.89549752837441
0.8740813538847241	0.895612359138826
0.8741892347816861	0.895726558097103
0.8745823761470443	0.8959555878197848
0.8751149887159423	0.8961707178075783
0.8754389473098964	0.896341463414628
0.8756319640830854	0.8965488537773093
0.8759033248165876	0.8978116762827594
0.8763436936902784	0.8982577314116291
0.877665590069019	0.8987675989597906
0.8779417536031903	0.9008468729387292
0.876513175685067	0.9017470387246614
0.8753100588590589	0.9018825611398806
0.8737002168358641	0.9038661164898817
0.874581428437847	0.9044634891872644
0.8737850368090256	0.9063592234849859
0.8755258206529843	0.9076819096213931
0.8770784842212733	0.9088717585186379
0.8777535690728374	0.9097918261977109
0.877483471951599	0.910394727198742
0.8760658569439292	0.9104264754568532
0.871407866239061	0.9093159182291245
0.8714753115436038	0.9101884424967925
0.8706315344549165	0.9115210795797758
0.8669858551243269	0.9150424510539775
0.8635750497231426	0.9168623686159133
0.8585482421889817	0.9182951469707394
0.8522260741336043	0.9221611686897125
0.8496544652266548	0.9248149123937557
0.8494162743150595	0.9276243963092394
0.8477576252682014	0.9312849230839143
0.8482706518470224	0.9361087628983242
0.8482297424000047	0.9397068988175088
0.8484057004076416	0.9428117520994882
0.847792216653904	0.9434443479887012
0.8466841866506946	0.9435727625849473
0.8435788595141167	0.9434459275040374
0.8372996542756845	0.9429310055068206
0.8320629291543146	0.9491463983259624
0.8316393031431092	0.9513825181770624
0.8323432931251915	0.9538072321584237
0.8318934471595261	0.9554052278166509
0.829942429825293	0.9563011289111903
0.8285436110500363	0.9566541505872016
0.8238330224847175	0.9569509415174986
0.8195395839177544	0.957199557230263
0.8171331923142048	0.9578122512263353
0.8147550740350429	0.9596114771374568
0.8122218473505848	0.9597719558948721
0.8098590503701125	0.9610714231559427
0.809710575929198	0.961830222319938
0.8070912656593159	0.9631157898461205
0.8067110763196544	0.9643125886108037
0.8023558787033315	0.9660867002282055
0.8012656972233393	0.9669170514365935
0.801117696637022	0.9673277254221092
0.8010733122562809	0.9675455405859597
0.8010020761149492	0.9676580020773771
0.8007926323823388	0.9677676204412029
0.8002873454286299	0.9678988781650292
0.799729460614469	0.9680118135110508
0.7983870305364544	0.968056513794853
0.796232571627862	0.9681485995385254
0.7939804986719433	0.9682988114463065
0.7936048899267358	0.9683174497271806
0.793447728151512	0.9683583591742053
0.793029946347023	0.9686058692262377
0.7927377360111814	0.9689429377974206
0.7925993704683706	0.969220774543774
0.7927034605285439	0.9696172328913208
0.7929084816182324	0.9700008971647002
0.7930413188573919	0.9701575850853268
0.7932114326583124	0.9702624649031667
0.7932934095038812	0.9703679765271344
0.7932403377888306	0.9707360035987659
0.7932466558501456	0.9712349724911541
0.7933133113970248	0.9717340993350884
0.7934035017223041	0.9718884179827164
0.7933782294770414	0.9720853835442288
0.7929752951166448	0.9726615907362042
0.792467796841475	0.9737661458056915
0.7923997197308	0.9739901210793291
0.7925132868829465	0.9744328592260143
0.792622905246771	0.9747410226666775
0.7928843150337014	0.9751107872051686
0.7930479528217722	0.9751670179508717
0.7938437126444631	0.9753279705628912
0.7940428895274351	0.9753949420128328
0.7940879057143082	0.9754845005319831
0.7940638970813092	0.9756102299521611
0.7937614198958277	0.9758662693869681
0.7933300542595115	0.9760735017981147
0.7928612541098996	0.9761938608661791
0.7923671817150251	0.9762510393210794
0.7919257071806036	0.976248670048092
0.7908889133187259	0.9761327336229554
0.7900737254574914	0.9761273632708305
0.7895444298707835	0.9762046015704176
0.7892547467594667	0.9762971611686829
0.7889912836026101	0.9764565342653776
0.7888045848907361	0.9766204879565122
0.7885344877694976	0.9767076772026639
0.7881190752380016	0.9767711737188862
0.7876532761675146	0.9768108195536443
0.7871261919022678	0.976902747345782
0.7870292096610747	0.9769932535741296
0.7870149940231143	0.9771305134562084
0.7870805439092629	0.9772900445044266
0.787135668994241	0.9776375378767783
0.787116240955696	0.9778826786558233
0.7870606420161192	0.9779457013174415
0.7869783492674839	0.9779709735627071
0.7866406488901692	0.9779771336724832
0.786477484956697	0.9779987730324948
0.7864169895195996	0.978033522369721
0.7863928229350686	0.9780782226535344
0.7864640590764003	0.9783383688281996
0.7865229749981687	0.9783753294869009
0.7867043033579234	0.978397126798436
0.7869105880598757	0.9784257160258861
0.7871236646777415	0.9784855796568545
0.7871674172523507	0.9785653451809635
0.7872196992097374	0.9787976918858411
0.7871746830228643	0.9788798266829375
0.7870298414672052	0.9789240531121467
0.7868851578630809	0.9789785463909901
0.7867744338385259	0.9790538892721828
0.7867831211728353	0.9791462909189247
0.7868639923576735	0.9795021557225163
0.7869047438531579	0.9795934517085263
0.7869524452160905	0.9796455757143825
0.7870653805621052	0.9796763762632964
0.7871901622730872	0.979712547164324
0.7873414798415933	0.97980021026508
0.7879633350265736	0.9801300130657435
0.7881629857641442	0.9801974583702893
0.7883833281525237	0.9802285748222728
0.7885093734757682	0.9802421586541027
0.7885690791552004	0.9802688524631585
0.7885922980305341	0.9803043915580584
0.7885599179662924	0.9803623597706324
0.7885340139148991	0.9804351754272916
0.7885512306319831	0.9805171522728534
0.7886328915744866	0.9805672229087804
0.7887312953794754	0.9805975496031014
0.7891566588575433	0.9807847221695726
0.7895884983484595	0.9809624176440719
0.7896887975718426	0.981010276958535
0.7897769345271944	0.9810409195559143
0.789851645602251	0.9810832505667292
0.7898731270107235	0.9811270031413342
0.7898972935952545	0.9811944484458799
0.7901269551240738	0.9814790771081483
0.7905687455615619	0.9819233947701583
0.790695106787873	0.9819031769739481
0.7907862448223498	0.98189907023409
0.7908746976807668	0.981901123604019
0.7909430906945069	0.9819186562241725
0.7909680470367031	0.9819492988215517
0.7909386680515863	0.9819805732250699
0.7908337882337477	0.9820121635316463
0.7906802593437807	0.9820240098966054
0.7908287337846965	0.9821601641179636
0.7909737332918876	0.9822345592899479
0.7911109931739664	0.9822773641553669
0.7912594676148823	0.9823021625460283
0.7913905673871794	0.9823298040642813
0.7915256159477986	0.9823686601413656
0.7919585610994438	0.982626121139974
0.7921406792168638	0.982698147038971
0.7926116906879367	0.9828061858874719
0.7931334046010657	0.9828466214798924
0.7937244592371321	0.9828377761940483
0.7942329052214993	0.9828453578676258
0.7946718525313943	0.9828857934600463
0.7950390898453591	0.9829485002186061
0.795424965440205	0.9830527482303072
0.7954984129029977	0.9830856021491502
0.7955494312481205	0.983127933159965
0.7955642786922115	0.9831686846554438
0.795520368166069	0.983442414661939
0.7954170678635609	0.9836468039455054
0.7952788602722834	0.9838548261143145
0.7951235939154541	0.9840070913920135
0.7951248575277179	0.9840517916758269
0.795097216009462	0.984087172819192
0.7950130278424324	0.984110707597598
0.794613252512694	0.9842378585815661
0.794071004900288	0.9843620084864191
0.7935563988061393	0.9844567794061484
0.7931522008334789	0.9845098511212017
0.7928040756549938	0.9845812452140709
0.7925384011766761	0.9846731730062086
0.7922220242563006	0.9848436027101887
0.7920117907660278	0.9850772130273329
0.7918748467870128	0.9853613678349971
0.7918667912588367	0.9855013128931439
0.7919547702626551	0.9856944876178564
0.7922629337033198	0.9860351890743043
0.7924103024835037	0.9862239411561003
0.7925107596584203	0.9864562878609779
0.7923668658119598	0.9864695557897384
0.7922972091859558	0.9865028835631857
0.7922984727982196	0.9865458463801282
0.79234775367648	0.9865839126995501
0.7924279930551876	0.9865990760467163
0.7931223479937635	0.9866207154067167
0.7931980067780172	0.9866418809121241
0.793357537826234	0.9867203828239666
0.7933824941684301	0.9867541844520068
0.7933690682881348	0.9867865645162457
0.7931569393794661	0.986846428147214
0.7929724519890519	0.9868551154815234
0.7927732751060812	0.9868435850196224
0.79268576995686	0.9868551154815234
0.792625116568232	0.9868911284310162
0.7925853127819434	0.986942936533814
0.792544719237991	0.9869806869501665
0.792479643206441	0.9870095920806862
0.7924826442855659	0.9870329689075574
0.792512655076816	0.9870558718798245
0.7925861025396087	0.9870672443901906
0.7926647624029859	0.9870661387294587
0.7927241521793528	0.9870459209332485
0.7927281009676749	0.9869977457157157
0.7927814885857906	0.9869768961133778
0.7928726266202673	0.9869884265752787
0.7930296304439577	0.9871282136818909
0.793177157175675	0.9872040304176765
0.7933518515710495	0.9872154029280427
0.793722879721803	0.9872022929508056
0.7937890614140835	0.9872353048211834
0.7938220732844571	0.9872691064492236
0.7938950468926511	0.9872858493117034
0.7940054550141395	0.9872961161613489
0.7941122302503725	0.9873264428556586
0.7941542453581206	0.9873641932720223
0.7941427148962197	0.9874174229385991
0.7940218819735609	0.9876087022449285
0.7939686523069772	0.9876257610104889
0.7938699325989217	0.9876409243576438
0.7937599983320319	0.9876677761182343
0.7936336371057221	0.987709159419852
0.793488795550063	0.9877006300370774
0.7933611707114893	0.9876988925702066
0.7932292811815284	0.9877314305859913
0.7928925285134109	0.9878535271209041
0.7926674475790455	0.9879704112552492
0.7925507213962408	0.988015269490586
0.7923908744449587	0.9880323282561353
0.7922270787053532	0.9880688150602324
0.7919187573131568	0.9880947191116257
0.7911686454834709	0.9881218867752857
0.790626239919533	0.9881435261352861
0.7902114591941688	0.9881665870590879
0.7899001367228474	0.9882049692815793
0.7897564008279189	0.9882283461084506
0.789666684357238	0.9882597784634922
0.7896493096886207	0.9882912108185451
0.7899975928186391	0.9884441079023718
0.7901010510726806	0.9885210302988894
0.7901974015077431	0.9885946357132224
0.7903169708181393	0.9887454794271312
0.7903155492543421	0.9887911274201305
0.7902545799626476	0.9888288778364943
0.7900707243783666	0.9888964810925636
0.7897395000139001	0.988950500516814
0.7889475310279994	0.9890556962377235
0.7886204134033884	0.9890702277787394
0.7883212532000985	0.989055380334654
0.7880265156397291	0.9890147867906988
0.7877638422405363	0.988984460096389
0.7876935538084018	0.9889910940607692
0.7876305311467795	0.9890316876047245
0.7875882001359646	0.9891128746926238
0.7876082599806415	0.9891465183691293
0.7878562438872754	0.9892814089782207
0.7880211452876114	0.9893774435102166
0.7880663194260178	0.9894139303143137
0.7880516299334587	0.989460683968045
0.7879832369197186	0.9894963810144796
0.7869968295968317	0.9896644414454724
0.7866562860919254	0.9897007702980346
0.7861607921332564	0.9897479978063701
0.7858924324788791	0.9898020172306207
0.7857482227293519	0.9898664614560289
0.7857055758154732	0.9898964722472804
0.7857202653080309	0.9899277466507985
0.7860009451819729	0.989973394643798
0.7863606008223589	0.9900146199938809
0.7864248870962451	0.990033416226301
0.7864687976223876	0.9900560032954986
0.786575256955554	0.9901885246315915
0.7865931054787698	0.9902278545632801
0.7865777841800802	0.9902575494514622
0.7865332418478057	0.9902859807273887
0.7864771690536303	0.9903052508144018
0.7864158838588705	0.9903129904395028
0.7861535263627428	0.9902632357066452
0.7859977861513148	0.9902543904208011
0.7858305154779872	0.990269711719502
0.7856630868531249	0.9903311548657951
0.785511137478487	0.990351056758936
0.7850333340915006	0.9903954411396799
0.7846005468913871	0.9904483549031985
0.7831916192180268	0.9906873355724563
0.7821347655114721	0.9909081518154329
0.7812737717056992	0.9911098559229312
0.7804996512430158	0.9913177201402056
0.7799605626612695	0.991464615065791
0.7790690842096494	0.9916636339972325
0.7780408197305476	0.9918877672224048
0.7776236697321905	0.9920112853211189
0.7771810895370387	0.9921673414356178
0.7766724856011383	0.9923838929872015
0.7763314682416335	0.9925674326684186
0.7760566325744077	0.9927852478322691
0.7759607559939451	0.9928586952950673
0.7758762519238501	0.9929897950673588
0.7757712141544797	0.9931531169523657
0.7757241445976789	0.993227670075896
0.7757004518677452	0.9932403061985176
0.7755423423833242	0.9932377789739955
0.7754728437088535	0.993247414017502
0.7754752129818479	0.993267157959108
0.7755039601608328	0.9932796361302061
0.7755810405088822	0.993292272252839
0.775600310595894	0.9933049083754718
0.7755889380855263	0.9933180183526975
0.7755737747383701	0.9933336555544566
0.7756059968510784	0.9933564005751889
0.7756600162753261	0.9933592437027917
0.7757364648172437	0.9933635083941734
0.7757746890882031	0.993375196807609
0.7758884141918829	0.9934889219112931
0.7759850805300094	0.9935735839329116
0.7760798514497428	0.9936375543037381
0.7762139523011649	0.9936716718348366
0.7764049157044262	0.9937230060830302
0.7764354003502734	0.9937639155300437
0.7764344526410762	0.9937909252421689
0.7763968601762486	0.993804509073999
0.7763150412822133	0.9938048249770685
0.7762428574316831	0.9938143020690402
0.776204159306125	0.9938345198652505
0.7762185328956188	0.9938487355032082
0.7763068278025026	0.9938687953478837
0.7763322579992973	0.9938994379452629
0.7763360488360874	0.9939687786682031
0.7763110924938913	0.9940025802962433
0.7762867679578256	0.9940196390617926
0.7762327485335779	0.9940305377175657
0.7760747970006903	0.9940837673841425
0.7759628093638729	0.9941145679330565
0.7758419764412128	0.9941294153771532
0.7756480119588266	0.9941458423365634
0.775515648574267	0.9941624272475197
0.7754020814221204	0.9941963868270947
0.7753624355873653	0.9942275032790668
0.7753431655003522	0.994266675259232
0.7753292657654584	0.9942826283640492
0.7752894619791711	0.9942909997952892
0.7751501487271633	0.9942954224382168
0.7750226818401228	0.9943218003442031
0.7749072192695821	0.9943988806922555
0.7748301389215325	0.9944568489048293
0.7746355426330145	0.994558727643543
0.7744292579310622	0.9946178015168377
0.774201175917572	0.9946993045078064
0.773301010131644	0.9951186658276315
0.7726576735381909	0.9955114912899244
0.7723488782913944	0.9958362396415327
0.772280327326121	0.995976342651203
0.7722482631649445	0.996124501189055
0.7722084593786575	0.9961943157665993
0.7721111612343977	0.9962663416655962
0.7719486291070561	0.996317044107651
0.7717382376652498	0.9963364721461876
0.7712108374969363	0.9964261886168727
0.7708954082857582	0.9964587266326462
0.770586770990495	0.9964753115436025
0.7703084603895473	0.9964779967196593
0.7700753239270045	0.9964888953754325
0.7699337993535369	0.99652364471267
0.7699050521745506	0.9965917218233433
0.7700530527608666	0.9968017973620815
0.7701043870090559	0.9969052556161202
0.7700209885996901	0.996968436229273
0.7698849923298737	0.9970071343548339
0.7694645253493264	0.9970815295268293
0.769093023343973	0.9971208594585179
0.7689173812394013	0.9970987462439133
0.7687695386046188	0.9970941656494622
0.7674307414118595	0.9971755106888961
0.76736345405885	0.997196360291234
0.7673430783111064	0.9972383753989794
0.7674326368302539	0.9975710213272458
0.7674027839905385	0.9976008741669625
0.7673290206246791	0.9976353076011305
0.7671589068237586	0.9976844305278604
0.7672445165545841	0.9977288149086043
0.7672539936465573	0.9977705141132802
0.7672164011817312	0.9978013146621942
0.766693265704805	0.9979354155136233
0.7664307502571455	0.9979775885729034
0.7660254466237545	0.998013759473931
0.7655395877085907	0.9980368203977328
0.7640177246892156	0.9981243255469541
0.7625342438923306	0.9981878220631764
0.7623598654000213	0.9982145158722321
0.7623172184861426	0.9982647444596938
0.7623533893871731	0.9982985460877228
0.7627665905972081	0.998320501350804
0.7634043988870114	0.998347511062918
0.763445308334029	0.9983945806197188
0.7634228792163592	0.9984656588095185
0.7633377433401323	0.9985068841596126
0.7631820031287042	0.9985477936066262
0.7623131117462872	0.9986076572375945
0.7609705237167392	0.9986427224778901
0.7605642723741511	0.9986812626519163
0.7602722199898414	0.9987572373392366
0.7598792365760153	0.9988914961421892
0.7596200381105458	0.9989461473725674
0.7591856713951047	0.9990289139758027
0.7588484448723887	0.9990990444564053
0.758445036657392	0.9991446924494046
0.7577757960125457	0.9992099264324978
0.7575410800346739	0.9992547846678347
0.7573142616334461	0.9993252310514955
0.7571651553863997	0.9993650348377883
0.7570016755498609	0.9993970989989689
0.7569340722937846	0.9994263200325468
0.7569647148911652	0.9994552251630664
0.7571180858296003	0.9994863416150498
0.7573637004632412	0.999503874235192
0.7574158244690932	0.9995251976921342
0.7573869193385748	0.9995700559274824
0.7572826713268697	0.9996182311450038
0.7570042027743872	0.9996613519134812
0.7565687303982156	0.9996907308986049
0.7563436494638502	0.9997370106977432
0.7562179200436708	0.9998065093722068
0.7561101970982407	0.9998655832455127
0.7559519296622879	0.9999227617004129
0.7554182114326593	0.9999
0.7550045363680242	0.9999
0.7547606592012458	0.9999619336805669
0.7546718904397621	0.999885169235584
0.7546466181945007	0.9998077729844735
0.7547037966494066	0.9995730570065974
0.7550776679277517	0.9988197861462618
0.7552327763330479	0.9986430383809596
0.7554377974227362	0.9985438448183027
0.755690993729956	0.9985030933228127
0.7558802196663562	0.9984700814524462
0.7559255517562945	0.9984288561023632
0.7558527360996338	0.9983808388363653
0.7555564190239353	0.9983328215703673
0.75551724704378	0.9982879633350303
0.7556098066420525	0.998167604266966
0.7558412056377328	0.9979341519013566
0.7559787814228783	0.9977280251509419
0.7561253604453985	0.997454137192912
0.7567464258727135	0.9966947062227778
0.7572226497443723	0.9961608300416174
0.7577784811886039	0.9955604562651196
0.7585023730638298	0.9946696096196244
0.7589541144478896	0.9941125145631274
0.7596377286822298	0.9933450280648228
0.7598223740241761	0.9932365153617289
0.7600289746291936	0.9931804425675604
0.7602938593498461	0.9931286344647738
0.7602071439582915	0.9930896204361435
0.7601588107892269	0.9930180683917508
0.7601577051284978	0.9928282106492116
0.7602110927466136	0.9927824047046775
0.7611697005997113	0.9919858551243298
0.7616279179966194	0.9917250771435256
0.7621238858098871	0.9913982754219771
0.7637578944176142	0.9901237645031026
0.7643442105076946	0.9897791142583423
0.7650616263700722	0.9894469421846802
0.7660335021519319	0.9891501512543832
0.7666188705328152	0.9890342148292466
0.7671197348436034	0.9888475161173684
0.7675542595105779	0.9885906869248989
0.7681303087510212	0.9881948603834798
0.7687231008539499	0.9877363270835008
0.7694649992039251	0.986940251357746
0.770364217280656	0.9854776201632032
0.7705077952240512	0.9845943551912967
0.7708715576042925	0.9833154216295057
0.7712318450508104	0.9825348251539641
0.7714082769130459	0.9822642541781299
0.7715496435349816	0.9821129366096281
0.7716681071846473	0.9819740972122132
0.7716480473399704	0.9818668481213858
0.771602873201564	0.9816949968536043
0.7716802694526788	0.981522987634288
0.7718873439122962	0.9810647702373785
0.7720770437032937	0.9806450930144951
0.7723533009343151	0.9802911236292978
0.772537788324728	0.9799957542627911
0.7726526190891384	0.9796910657558583
0.7726671506301641	0.9794195470708157
0.772739176529161	0.9792554354281464
0.7736222835495371	0.9785256993462055
0.774053807137388	0.9781530916801229
0.7745477215807294	0.9778889967171341
0.7749937767096047	0.977760740072423
0.7756029957719536	0.9776738667293406
0.7760935932331033	0.9775860456770499
0.7762439630924135	0.9775216014516304
0.7765761351660772	0.9771035037440832
0.7769413191101142	0.9766438647833722
0.7770365638844449	0.9765492518151777
0.7772183660987996	0.9765179774116708
0.7773767914862858	0.9765203466846581
0.7774938335721557	0.9765497256697707
0.7775709139202053	0.9765961634204438
0.7775968179716	0.9766692949801726
0.7775944486986056	0.9767334233025226
0.7772201035656621	0.9771017662772236
0.7772215251294577	0.9771289339408723
0.7772733332322445	0.97716194581125
0.7780104930362337	0.9773875006002126
0.7785048813341722	0.9775481373091627
0.7787495482586159	0.9776027885395409
0.7789882130248098	0.9776316936700605
0.7791944977267621	0.9776340629430478
0.7794009403802463	0.9776446456957515
0.7802955778625246	0.9767353187209169
0.7804906480056412	0.9767808087623928
0.779541043389918	0.9777370473424934
0.7800275341112138	0.9779006851305698
0.7800510688896142	0.9779460172205109
0.7801493147430697	0.9779395412076541
0.7801414171664256	0.9779262732788937
0.78016953253928	0.9779245358120341
0.7802050716341798	0.9779744484964263
0.7810660654399526	0.9780286258722115
0.7812255964881694	0.9778302387468978
0.7813336353366648	0.9778395578873349
0.7813374261734536	0.9780780647019996
0.7814195609705555	0.9780801180719287
0.7814950618032759	0.9780766431382095
0.7815644025262146	0.9780662183370293
0.7816429044380598	0.9780478959592134
0.7816256877209744	0.9779856630552578
0.7815347076380311	0.9779414366260486
0.7815609275924897	0.9779303800187519
0.7816970818138395	0.9779888220859188
0.781967020983546	0.9778866274441356
0.7823704291985412	0.9777266225413245
0.7822723412966176	0.9776947163316786
0.7823093019553146	0.977672129262481
0.7827196600377567	0.9777830112385623
0.7829030417674405	0.9777223578499316
0.7827886848576288	0.9772982579841317
0.7828466530701985	0.9772933614866111
0.7829586407070174	0.9776978753623395
0.7831644515543696	0.9776410128104975
0.7832686995660763	0.977589678562315
0.7833713680624524	0.977509281232067
0.7834148047339977	0.9774838510352779
0.7834729308980994	0.977482745374546
0.7837087525367018	0.9775355011865299
0.7839044544859504	0.9776155826137084
0.7840175477834983	0.9775449782785017
0.7837916770914677	0.9774333065447467
0.7837580334149635	0.9773912914370013
0.7837676684584688	0.9773350606912983
0.7838294275078286	0.9772781981394562
0.7839369925017253	0.9772455021721479
0.7840387132889057	0.9772425010930216
0.7841236912135993	0.9772549792641196
0.7842015613193126	0.9772786719940492
0.7843318713339446	0.9772153334293616
0.7842990174151043	0.9772055404343316
0.7842871710501381	0.9771944838270237
0.7842811688918884	0.9771790045767993
0.784290172129263	0.9771665264057012
0.7843318713339446	0.9771497835432215
0.7844121107126523	0.977121826121899
0.7844776605988008	0.9770967118281682
0.7845043544078594	0.9770813905294785
0.7845192018519503	0.9770632261031974
0.7845222029310752	0.9770436401131148
0.7845340492960414	0.9770240541230435
0.7845787495798493	0.9769946751379197
0.7846054433889078	0.9769793538392301
0.7847096914006131	0.9769556611093005
0.7848524795863445	0.9769081176978957
0.7849714170906088	0.9768327748167142
0.7850309648185076	0.9767335812540573
0.7850428111834739	0.9766484453778346
0.7850249626602579	0.9765841591039499
0.7849982688511993	0.9765562016826275
0.7849729966059379	0.9765478302513764
0.7848794892984683	0.9765449871237848
0.7847782423658866	0.9765435655599947
0.7847314887121524	0.976535510031813
0.784712692479738	0.9765181353631943
0.7847322784698163	0.9764944426332648
0.7848052520780103	0.9764882825234775
0.784933508722716	0.9764799110922376
0.7851091508272876	0.976167798863251
0.7849846850193721	0.975988839776485
0.7846697296627926	0.976053599904974
0.7844007382022847	0.9759517211662603
0.78376008678489	0.9759493518932729
0.7836457298750795	0.9759427179288926
0.7835514328099461	0.9759329249338514
0.7834844613600003	0.9759035459487276
0.7834407087853911	0.9758667432415723
0.7833770543176368	0.9757937696333782
0.7832933400052057	0.9756337647305559
0.7831518154317382	0.9756039118908391
0.7831315976355294	0.9756350283428225
0.783056096802809	0.9756287102815004
0.7830033409908238	0.974899290102629
0.7829554816763591	0.9748399003262649
0.7828842455350261	0.974768980088
0.781772424695028	0.9749782658690757
0.7816582257367495	0.9748684895537151
0.7812578186008777	0.974957732169796
0.7811728406761842	0.9749885327187099
0.7811022363409831	0.9750226502498196
0.7810390557278288	0.9750641915029609
0.7805729407542752	0.9755743749541917
0.7805013887098768	0.9756348703912877
0.780413883560657	0.9756850989787496
0.780292102928801	0.9757309049232836
0.780100507719408	0.9757814494138036
0.7799297621123555	0.9758133556234495
0.779710051530108	0.9758427346085733
0.7786432468769829	0.9759133389437689
0.7784172182334204	0.9759005448696013
0.7782606882643285	0.975871639739093
0.7781401712447337	0.975854896876602
0.7780714623279282	0.9758590036164602
0.7780193383220749	0.9758768521396718
0.7779585269819136	0.9758855394739812
0.7778994531086134	0.9758811168310647
0.7778422746537076	0.9758711658844887
0.7777971005153012	0.9758490526698841
0.777770406706244	0.9758244122307574
0.7777655102087233	0.9757947173425754
0.7777797258466839	0.9757703928065069
0.7778029447220189	0.9757451205612413
0.7778383258653855	0.975728061795692
0.7778880805982444	0.975712424593933
0.7780465059857321	0.9756678822616656
0.7782677960833073	0.9756163900619371
0.7785927023864587	0.9755844838523025
0.7790228044105125	0.975566951232149
0.779471386763914	0.9755506822242622
0.7796574536696561	0.9755326757495046
0.7798059281105719	0.9755020331521254
0.779924075857171	0.9754672838148991
0.7799987869322276	0.975421951724958
0.780206019343377	0.9751498012337877
0.7805568296979217	0.9748354776833372
0.7807639041575378	0.9747242798041865
0.7810022530206651	0.9746340894789084
0.7813421647194407	0.9745421616867708
0.7838801299498861	0.9740487210980308
0.7840004890179463	0.9740070218933436
0.7841072642541778	0.9739537922267556
0.7841941375972672	0.9738703938173926
0.7842389958326068	0.9738038962220552
0.7842664793993293	0.9737318703230583
0.784257634113488	0.9736533684112046
0.7840791488813248	0.9734579823650283
0.7838558054138205	0.9732935548192896
0.7834228602621752	0.9729514317990514
0.783150867722541	0.9727629956203137
0.7828101662661014	0.9725977783169124
0.7824787839501032	0.9724526208581978
0.7823325208306483	0.972325153971149
0.7822525973550073	0.9721514072849732
0.7822055277982065	0.9720460536125403
0.7821456641672424	0.9720034066986559
0.7820595805818183	0.9719697630221504
0.7820300436451683	0.971949229322882
0.7820398366402067	0.9719233252714886
0.7820815358448897	0.9718402427651838
0.7821132841029994	0.9717102486536241
0.7820129848796162	0.9714456798360313
0.7820144064434119	0.971400979552229
0.7820441013315954	0.9713518566254992
0.7821298690139529	0.9713180549974589
0.7822407509900412	0.9712834636117563
0.7822611267377834	0.9712479245168564
0.7822295364312055	0.9711956425594656
0.7820820096994883	0.9711207735328771
0.7820003487569849	0.9711078215071861
0.7818861497987063	0.9711182463083551
0.7815648763808133	0.9711676851381543
0.7812781943486213	0.9711910619650144
0.7809978303777445	0.9711864813705632
0.7807264696442436	0.9711428867474817
0.7806860340518231	0.9711155611322982
0.7806944054830672	0.9710725983153556
0.7809114308892551	0.9710174732303732
0.7810886525091558	0.970933127111813
0.7811932164239277	0.9708494127993804
0.7812267021488999	0.9707375831140908
0.7812060104980911	0.9706156445307016
0.7811208746218642	0.9705417232133102
0.7809738217447455	0.9704673280413261
0.7808957936874988	0.9704107813925534
0.7808861586439922	0.9703409668150091
0.7809198023204977	0.9702749430742648
0.7809307009762668	0.9702100249942524
0.7808338766866071	0.9699792578046997
0.7808108157628052	0.9698690076347461
0.7808577273680727	0.969709950441121
0.7809376508437137	0.9694682845958064
0.7809520244332075	0.9692627896515194
0.780864835187053	0.9691326375884249
0.7807579019992881	0.9690838305647533
0.7805952119204131	0.9689952197548114
0.7805637795653686	0.9688464294108317
0.7804754846584835	0.9684190125628361
0.7805404027385001	0.9680735725604023
0.7806435450894763	0.9677913131711324
0.7806700809470015	0.9675240591774827
0.7807133596670136	0.9673515761035735
0.7808414583601858	0.9671568218635249
0.7810156789009604	0.9669615937688721
0.7812439188659839	0.9668473948105951
0.7814787927953891	0.966650271297548
0.7814558898231192	0.9664991116805809
0.7815266521098537	0.9663400544869557
0.7816923432678536	0.9661738894743572
0.7818891508778312	0.9660582689522901
0.7819888182950839	0.9659584435835055
0.7820186711347993	0.9658033351782037
0.7820433115739303	0.9656041582952387
0.7823388388919633	0.965081812575968
0.7825457554000476	0.9645989547399317
0.7827095511396516	0.9641998112163281
0.7827179225708957	0.9639085485896794
0.7826500034117528	0.9637828191695015
0.7825786093188878	0.9636765177878713
0.7826004066304271	0.9635157231273865
0.7826548999092734	0.9632154572633703
0.7826015122911563	0.9627954641374175
0.7823816437573767	0.9619921226411547
0.7821305008200847	0.961425550492686
0.7820916447429948	0.9612265315612445
0.7819633880982891	0.9596579148881298
0.7816241082056453	0.959040166443002
0.7813762822505449	0.958501393764321
0.7813217889716986	0.958154058343504
0.7813285808876123	0.9579512485752738
0.7813067835760743	0.957893280362711
0.7811921107631973	0.957819674948378
0.7811764735614409	0.957627763835921
0.7812568708916805	0.9574349050142668
0.7813833900695237	0.9573401340945263
0.7815242828368607	0.957287220331019
0.7816128936468112	0.9572208806872051
0.7816890262856621	0.9570044870871449
0.7816013631849102	0.9565723316931635
0.7815247566914594	0.9564695052452525
0.7813927092099651	0.956295126752949
0.7812979382902316	0.9559912280036675
0.7814157701337668	0.9552589646971933
0.7815054866044463	0.9538028095155072
0.7815746693758517	0.9530029429529637
0.7814227200012138	0.9523010063407993
0.7807875968874701	0.9509702646762217
0.7804506862678207	0.9498254319658486
0.7800638629637776	0.949023512033376
0.7799638796434596	0.9486913399597139
0.7795015555066961	0.94737118104784
0.7791379510779881	0.9461660108519055
0.7790207510405848	0.9455013508015118
0.7788683278113483	0.9437277130387031
0.778837211359369	0.9389495212173149
0.7786800495841453	0.9384876709351514
0.7786399298947914	0.9383377749304398
0.7786568307088115	0.9381698724509817
0.778660305642535	0.938034034132693
0.7786151315041286	0.9379597969122323
0.778512463007751	0.9379169920468244
0.7783843643145787	0.937913043258501
0.7781095286473544	0.9379261532357268
0.7778061037526758	0.9379226783020076
0.7776345683879595	0.9378945629291504
0.777376001728622	0.9378152712596455
0.7772204194687272	0.9376780113775667
0.7769939169705661	0.9372962425225705
0.7769452678984362	0.9370010311076096
0.7770897935510287	0.936777529688565
0.77742733597681	0.9365061689550683
0.7780090714724365	0.9360038830804843
0.7783312925995283	0.9357619013321002
0.7785772231362358	0.9355066516549556
0.7788173094662254	0.9352060698878699
0.77959695823256	0.9344291062975935
0.7804508442193526	0.9338149907377198
0.7809629230889765	0.9334637065285794
0.7810182061254867	0.9333591426138088
0.780965766216568	0.9332038762569723
0.7810434783707494	0.9331165290592858
0.7813052040607452	0.9329617365570647
0.7815880952561469	0.9329075591812795
0.7819202673298105	0.9328797597114918
0.7820467865076537	0.9328388502644671
0.7822767639395396	0.9325671736279011
0.7825062675168256	0.9324447611899188
0.7830023932816266	0.9322029373930695
0.7833712101109205	0.9319789621194319
0.7834890419544542	0.9318773992837877
0.783575441442945	0.9318374375459602
0.7837510835475152	0.9318338046607061
0.7836124021016407	0.9315739743891104
0.7837757239866462	0.9315674983762536
0.7841386966092236	0.9316035113257577
0.7840309736637936	0.9313934357870195
0.7840267089724063	0.9313612136743041
0.7840835715242455	0.9313225155487433
0.7841713925765306	0.9312607564993919
0.7841892410997479	0.9312206368100296
0.7840132830921096	0.9311016993057667
0.7839736372573558	0.9310565251673603
0.7840066491277293	0.9310156157203467
0.784851373925614	0.9305651379485494
0.7852653648933129	0.9303094144168006
0.7856513984396921	0.930181947529763
0.786150525283618	0.9300257334637406
0.7866878763985032	0.9297540568271745
0.7868630446484763	0.9295553537987913
0.7870369492861855	0.9293814491610807
0.7873727542451059	0.929211809214763
0.7877797953453578	0.9291124577005826
0.7878524530504867	0.9290652301922471
0.7879232153372211	0.9288267233775823
0.787875987828887	0.9287569088000492
0.7878909932245114	0.9287005201028113
0.7879454865033577	0.9286720888268848
0.7881021744239829	0.928584899580733
0.7881915749915972	0.9285242461921022
0.7883073534652046	0.9284678574948644
0.7883872769408456	0.9284605917243451
0.7885447546191348	0.9284711744770489
0.7890388270140094	0.9286036958131418
0.7895137872734029	0.9287572247031074
0.7895946584582412	0.928802872696118
0.7896431495788391	0.9288392015486804
0.7897052245312628	0.928851363816709
0.7897783560909902	0.9288245120561185
0.7897960466626742	0.9287801276753858
0.7898254256477909	0.928738744373768
0.7913577134683377	0.928418418665065
0.791609646163295	0.9282568342469177
0.7924050900829193	0.9278554794018503
0.7926892448905848	0.927767500398036
0.7931495156574192	0.9275487375249885
0.7932562908936521	0.9274416463856847
0.793481845682616	0.9272309390408188
0.7938693007927912	0.9270194419382792
0.7948904574529113	0.9266117690318897
0.7951858268194125	0.9265801787253133
0.7957565057077366	0.9265084687293859
0.7965304682188882	0.9263727883626319
0.7967062682749931	0.9263205064052523
0.7966986866014143	0.9262560621798328
0.7965649016530575	0.9262483225547207
0.7960025941959761	0.9263434093775194
0.7958482755483453	0.9263206643567871
0.7957313914140072	0.9262541667614385
0.795758401126131	0.9261627128238937
0.7959697402771359	0.9259824901248723
0.7961583344074041	0.9259837537371277
0.7963342924150411	0.9260286119724759
0.7965265194305662	0.9260459866410946
0.7968939146960642	0.9259289445552148
0.7977643855938102	0.925606091622001
0.7980542266566589	0.9255285374193445
0.7981121948692287	0.9254280802444322
0.7982382401924732	0.9252688650992835
0.7986285384302398	0.9250755324230251
0.799026892196184	0.9249704946536503
0.799203008155354	0.9248632455628231
0.7992443914569703	0.9247128757035185
0.7993135742283758	0.9246550654424792
0.7994716837127968	0.9246296352456789
0.7997233005046874	0.9246680174681703
0.7999117366834224	0.9246354794523967
0.8001286041380783	0.9244907958482752
0.8004336085480847	0.9243127844707064
0.8012206810364663	0.9241666793027834
0.8024500178169329	0.9240382647065487
0.8028736438281384	0.9239284883911881
0.8032686806118924	0.9239079546919197
0.803459170160555	0.9239362280163003
0.8036466586300928	0.9239158522685665
0.8038012931807903	0.9238626226019785
0.8040075778827426	0.9238400355327696
0.8043433828416615	0.9237961250066299
0.8045147602548458	0.9236901395280692
0.8051552537207073	0.923137940969093
0.805397077517558	0.9229962584440864
0.8055607153056301	0.9229934153164949
0.8058447121617625	0.9230185296102258
0.8061053321910276	0.9228722664907681
0.8063950153023444	0.9225926922775551
0.8064921554950708	0.9224045720018869
0.8066174110606515	0.9221742786669384
0.8073128716599578	0.9214612854474772
0.8083146002815329	0.9205965008049213
0.8086052311020469	0.9201087464713644
0.8090425988966142	0.9193913306089869
0.8091057795097698	0.9188016975367164
0.8090707142694685	0.9182863016848953
0.8091408447500711	0.918140986274646
0.809324700334352	0.9179820870325556
0.8095583106514934	0.9178759436024602
0.8103487001220651	0.9175992125168387
0.8108666231984054	0.9174281510067197
0.8113099931512225	0.9173453844034843
0.8111495143938072	0.9173013159258098
0.8108778377572397	0.917275727777486
0.8105371363008	0.9172908911246408
0.8103929265512744	0.9172833094510634
0.8102840979451137	0.9172518770960105
0.8102318159877285	0.9172013326054905
0.810213019755314	0.9170128964267527
0.8102703561617531	0.9168148252045084
0.8103706553851364	0.9167518025428903
0.8104384165927461	0.9167083658713435
0.8104665319656004	0.9166665087151329
0.8104526322307051	0.9165913237854749
0.8104210419241272	0.9164471140359464
0.8105079152672167	0.9163024304318249
0.8108519337058463	0.9160184335756953
0.8114692082963727	0.9155670080947008
0.8122618090884053	0.9152590026055613
0.8128078475375986	0.9151084747947219
0.8138188952996149	0.9148908175824062
0.8147277484198537	0.914762560937695
0.814894703190116	0.9147535577003274
0.8150109555183208	0.914782462830847
0.8150578671235896	0.9148198973441413
0.8151055684865209	0.9148620704034214
0.8151605356199657	0.9148996628682503
0.8152368262103513	0.9149298316110254
0.8153625556305307	0.9149396246060666
0.8156451309228672	0.9149096138148151
0.8161502599250428	0.9148097884460304
0.8167741684799507	0.9145886562999844
0.817567401078114	0.9143468325031351
0.8186471577569371	0.9139756464008538
0.8192953908479093	0.9136090408930237
0.8200453447260618	0.9132219016859139
0.8208099880967721	0.9128033301237513
0.8210009515000348	0.9127543651485561
0.8213143273412838	0.9127241964057811
0.8216150670599028	0.9126486955730537
0.8217343204672338	0.9125831456869136
0.8217758617203835	0.9124687887771018
0.82190253884976	0.9123945515566411
0.8222009092953847	0.9123173132570652
0.8224899606005694	0.9122154345183515
0.8230879651040842	0.9117848586396949
0.8243278846372546	0.9107455375532895
0.8252928105516688	0.9099324030619855
0.825867438228315	0.9092190939394661
0.8265763247079165	0.9084065912542898
0.8278607865733615	0.9072908216259599
0.8288645685648657	0.9063420067679019
0.8292712937620523	0.9059376508437081
0.8300029252623891	0.9047310590839835
0.8302720746744303	0.9040904076665888
0.8304467690698047	0.9036743633289593
0.8306865394967292	0.9027628250326609
0.8314657144084652	0.9016751707771993
0.8316440416890964	0.9015701330078246
0.8318198417452	0.901504741073208
0.8320356035391254	0.9014486682790396
0.8322038219216517	0.9013573722930296
0.8324022090469584	0.9011174439145634
0.8327549148198975	0.9004469396574631
0.832963726746376	0.8997895453775774
0.8333116939733277	0.8991417861412093
0.8333886163698438	0.8988663186678433
0.8338872693591726	0.8979590450629378
0.8347117763608468	0.8966380963934014
0.8353197318109333	0.8956763295096412
0.8355178030331748	0.8952964560730506
0.8355452865998972	0.8948843605237446
0.8354107118938766	0.8946093669049828
0.8351254514254819	0.8939980944727006
0.8351147107212449	0.8938639936212828
0.835145827173224	0.8933492295756007
0.8352341220801077	0.8928262520502135
0.8352121668170365	0.8924035737482038
0.8352778746547185	0.8923023268156178
0.8354857388719984	0.8921833893113549
0.8355642407838437	0.8920221207962771
0.8354743663616309	0.8919065002741986
0.8351203969764294	0.8917948285404549
0.8348155505179549	0.8916191864358735
0.8344517881377136	0.8911884526056933
0.8344816409774289	0.8910840466424576
0.8345486124273747	0.8908177403580051
0.8343909767975523	0.890320193029407
0.8342175460144403	0.890069839849783
0.8340682818158619	0.8899479012663938
0.834232077555466	0.8898754015127927
0.8343259007660023	0.8897008650689544
0.8341399918117922	0.8892317490162717
0.8338098731080564	0.8888382917478511
0.8339883583402209	0.8887267779656308
0.834089447321268	0.8885953622902698
0.8340054171057716	0.888413244172854
0.8338155593632408	0.8882657174411298
0.8337119431576662	0.8880916548518957
0.833810346962655	0.887918224068778
0.8337334245661389	0.8877699075794024
0.833827405728207	0.8874243096254338
0.8341434667455156	0.8863205443136202
0.8341946430421718	0.8859907415129454
0.8343884495730259	0.8857064287537465
