0.6985474461132548	0.01623141542264014
0.6987561000882	0.01627232486965362
0.6988887793758263	0.01633139874295948
0.6988793022838531	0.016413059685462923
0.6987181917203071	0.016462972369855226
0.6985284919293083	0.016472133558757557
0.6984240859660698	0.01652662683761225
0.698509537745362	0.016617291017483295
0.698509537745362	0.0167081131489003
0.6983956546901502	0.016776190259573755
0.6981775236232317	0.01688517681726069
0.6978646216365798	0.016916925075371837
0.6975896280178222	0.01698057954312886
0.6972765680796384	0.01703507282197233
0.697181797159905	0.01707140167453464
0.6971154575160925	0.017157643211489253
0.6971723200679317	0.017271052412103843
0.6972102284358259	0.01735271335460729
0.6971249346080657	0.017416367822364314
0.696897326449174	0.01743453224864547
0.6967739663019892	0.01751161259669775
0.6967739663019892	0.01761601855993352
0.6966697182902826	0.017697837453971698
0.6966602411983093	0.017793082228305133
0.6967265808421217	0.017879323765259747
0.6967455350260681	0.01800647474923906
0.6966886724742289	0.01808813569174251
0.6965179268671764	0.01820170284388061
0.6964421101313909	0.018251615528272914
0.6963471812601255	0.01831969263894637
0.6962334561564456	0.018333276470776358
0.6961955477885529	0.018292524975297614
0.6961955477885529	0.01820170284388061
0.6961955477885529	0.018129045138755986
0.6961955477885529	0.018029219769971384
0.696252410340392	0.01786573993342976
0.6964894955912568	0.017529777022978907
0.6965653123270439	0.017407206633461982
0.6965463581430975	0.017361874543520846
0.6964515872233641	0.017375458375350837
0.6961671165126332	0.01754351880634363
0.6958256252985284	0.017779498396475146
0.6956929460109021	0.017829411080867448
0.6955980171396368	0.017815827249037457
0.6954842920359583	0.017720424523169288
0.695408317348638	0.017611595917017088
0.6953325006128523	0.01748444493303777
0.6951998213252261	0.017375458375350837
0.6950669840860679	0.017311961859128547
0.6948583301111226	0.017316542453579713
0.6946686303201239	0.017375458375350837
0.6946591532281506	0.017466280506756617
0.694678107412097	0.017529777022978907
0.6946022906763114	0.017625179748847076
0.6944220679772859	0.017666089195860553
0.694308342873606	0.017625179748847076
0.6942228910943138	0.01749802876486776
0.6940996888986607	0.017452696674926625
0.6939478974755562	0.01742094841681548
0.6937676747765306	0.017366455137972015
0.6936918580407448	0.017266471817652677
0.6937392435006109	0.017153062617038087
0.693862603647796	0.01696699571129887
0.6940237142113417	0.016839844727319555
0.6941470743585282	0.01673085816963262
0.6942607994622066	0.01655837509571217
0.6942988657816327	0.016426643517292915
0.6944220679772859	0.016113425627574382
0.6944220679772859	0.015704805011987684
0.6943841596093929	0.015432496569293856
0.6945264739405244	0.015137443105856482
0.6948583301111226	0.014678909805877481
0.6950101215342273	0.014565342653739379
0.695123846637907	0.01444277226421123
0.6951048924539607	0.014347527489889019
0.6950575069940947	0.014293034211034329
0.6950859382700143	0.014243121526642026
0.6952566838770666	0.01409780611639278
0.6955695858637172	0.013938906874302319
0.6958161482065552	0.013839081505517718
0.6959679396296612	0.013739098185198381
0.6960627105493933	0.013662017837146101
0.6960437563654469	0.013584779537570311
0.6960153250895272	0.013475792979872152
0.6961386852367122	0.013371387016636383
0.6963092728922313	0.013271561647851782
0.6964894955912568	0.013167155684616013
0.6966223328304164	0.013003675848074386
0.6968118746698819	0.01273579004829699
0.6970775491481997	0.01259047463803652
0.6972860451716116	0.012495229863703085
0.69750417623853	0.012440736584859616
0.6977128302134753	0.012413410969664904
0.6978551445446066	0.012422572158578461
0.6979783467402597	0.012463323654057206
0.6979974588757394	0.012517816932911896
0.6979404383723669	0.01259047463803652
0.697779327808821	0.012622222896147665
0.6977223073054484	0.012658551748709976
0.6978077590847407	0.01269488060127229
0.6978930529125009	0.012713045027553445
0.6979688696482864	0.01274937388012698
0.6979688696482864	0.012808447753421614
0.6980543214275787	0.012840196011532759
0.6981301381633658	0.012813028347872782
0.6981964778071781	0.012690457958355855
0.6983956546901502	0.012467904248519596
0.6987940084560942	0.012127360743606352
0.6991353417186643	0.011904964985304826
0.699401016196982	0.011809562259436657
0.6996286243558737	0.011691572464370898
0.6997613036435	0.01157358266930514
0.6997518265515267	0.01142826725904467
0.699609512220394	0.011273948611416599
0.6996570556317934	0.01115122027036494
0.6997897349194195	0.01103781106975035
0.6999036179746327	0.010992321028274481
0.7000362972622576	0.010892495659489878
0.7002354741452297	0.010778928507340553
0.7004156968442552	0.010701848159299497
0.7006243508192004	0.010611026027882494
0.7007950964262528	0.010542948917209036
0.7009562069897972	0.01052478449092788
0.7010795671369837	0.010479294449452012
0.7011553838727693	0.010397633506948566
0.7012976982039021	0.010275063117431642
0.7015442605467401	0.010152492727914717
0.7018382083494442	0.010034344981314225
0.7021416332441228	0.009943522849897222
0.7023597643110413	0.009889187522588487
0.7025305099180936	0.009861861907393776
0.7026728242492251	0.009820952460380297
0.702786549352905	0.009766459181536829
0.7029383407760095	0.009662053218289836
0.7029383407760095	0.00951673780804059
0.7029099095000899	0.009385164181144842
0.7030994513395554	0.009271597028995517
0.7033081053145007	0.009099113955075068
0.7035546676573388	0.008894724671519963
0.7037633216322838	0.008803902540114183
0.7039624985152559	0.00871766100315957
0.7042280150420404	0.008549758523690288
0.704455623200932	0.008431610777089796
0.7046832313598236	0.00832262421940286
0.704853976966876	0.008209215018788268
0.7049297937026616	0.0081138122929201
0.7050626309418212	0.00802299016151432
0.7051858331374743	0.007936748624559706
0.7053850100204463	0.007882255345705016
0.7055557556274973	0.007864090919423859
0.7055652327194706	0.007800594403212792
0.7054515076157921	0.007732359341004602
0.7054609847077653	0.0075872018822788646
0.7055747098114438	0.007319158130966735
0.7058497034302027	0.007123930036313964
0.7061532862764134	0.006965030794234727
0.7064472340791175	0.006851621593620135
0.7066748422380091	0.006774383294033122
0.7068645420290078	0.006760799462203133
0.7069498358567681	0.006806131552144267
0.7069024503969006	0.006896953683550046
0.7069308816728203	0.006960608151307071
0.7068550649370346	0.007014943478627028
0.7066464109620895	0.007042269093810517
0.7066179796861698	0.007114926798935141
0.7066083446426632	0.0072239133566332995
0.7065609591827973	0.007310154893587913
0.7064188028031978	0.007355486983529047
0.7063807364837716	0.0074237220457372384
0.7063998486192514	0.0075872018822788646
0.7063807364837716	0.00767786606214991
0.7062480571961454	0.007750523767285757
0.7061246970489604	0.007786852619848069
0.7059635864854146	0.007850507087605093
0.7057265012345497	0.007968496882670852
0.7055083701676312	0.00802299016151432
0.705299716192686	0.008100228461101333
0.70514792476958	0.008249966514278236
0.7050910622177409	0.008472520224114497
0.7050910622177409	0.008685912745048424
0.7051668789535279	0.008876560245238807
0.7052428536408468	0.008931053524082274
0.7053376245605789	0.00896738237665581
0.70525233073282	0.009012872418120455
0.7051858331374743	0.009040040081780434
0.7052238994569004	0.009089952766172735
0.7052047873214207	0.009130862213186213
0.7050815851257677	0.009117278381367448
0.7049582249785826	0.009153607233929759
0.7048350227829296	0.009217103750152049
0.7047400939116641	0.009289761455276673
0.7049297937026616	0.009330670902290152
0.704977179162529	0.009421493033707155
0.705005768389982	0.009557647255054069
0.7049487478866094	0.009625724365727525
0.7047876373230635	0.009657630575373404
0.7044461461089588	0.009657630575373404
0.7041332441223083	0.009675637050119826
0.7039056359634167	0.009739291517876851
0.7038012300001768	0.009811949223001474
0.7036401194366309	0.009852858670026176
0.7035072821974726	0.009880026333674932
0.7034504196456334	0.009952684038810777
0.7034598967376067	0.010057090002046546
0.7033651258178731	0.01009341885460886
0.7031943802108208	0.01009341885460886
0.7029004324081167	0.010061670596497714
0.7026158037458525	0.010075254428327704
0.7023029017592021	0.01014333153900116
0.7021037248762301	0.010238734264869329
0.7020563394163626	0.010365885248837421
0.702151110336096	0.010388472318046233
0.7024357389983602	0.010411217338778556
0.7027202097090911	0.01037946908066741
0.7029099095000899	0.010397633506948566
0.703033111695743	0.010479294449452012
0.703033111695743	0.01061560662233366
0.7029572949599558	0.010729015822948253
0.7028055035368513	0.010760764081059398
0.7025399870100669	0.010733596417410642
0.7023692414030145	0.010651935474907195
0.7022555162993347	0.010638193691542472
0.7021416332441228	0.010670099901188352
0.7019710455886038	0.010792670290705277
0.701857162533392	0.0108515862124764
0.7018382083494442	0.010937827749431013
0.7019235021772045	0.011006062811639204
0.7020847706922837	0.011015066049006803
0.7022744704832811	0.010983317790906881
0.7024641702742798	0.010960572770163336
0.7024641702742798	0.011006062811639204
0.7023313330351217	0.011069559327861495
0.7020847706922837	0.011155800864816108
0.701781345797605	0.011287532443246588
0.7015063521788474	0.011360190148371212
0.7014682858594212	0.011441851090874658
0.7015063521788474	0.011523512033378105
0.7015063521788474	0.011609911521867453
0.7015821689146329	0.011655243611808586
0.7015821689146329	0.011764230169495522
0.701458808767448	0.011873216727193681
0.7013545607557413	0.011859632895363691
0.7012501547925027	0.011759649575044355
0.7012501547925027	0.01165066301735742
0.7010890442289568	0.011641659779978598
0.7010035924496647	0.01170057570174972
0.7009751611737451	0.011827726685717813
0.7008709131620384	0.011873216727193681
0.7007191217389325	0.011877639370110113
0.700605396635254	0.011900384390853658
0.7006148737272273	0.011959458264148293
0.7006243508192004	0.012022954780370583
0.7005199448559618	0.012077448059214051
0.7002923366970703	0.012095612485495207
0.7001501803174708	0.01218643461691221
0.7002923366970703	0.012272676153866824
0.7005104677639873	0.012304424411977969
0.7008614360700653	0.012318166195342692
0.7009277757138777	0.012349914453453837
0.7009277757138777	0.012408830375213738
0.7007950964262528	0.012495229863703085
0.7006243508192004	0.012663132343161144
0.7004346510282016	0.012817450990800438
0.7003398801084681	0.012971927589963241
0.700330403016495	0.013162575090153623
0.7003493572004427	0.013262400458938225
0.7003018137890433	0.013394132037368707
0.7001880886853635	0.013462209148042163
0.7000457743542308	0.013493957406153308
0.6998846637906848	0.01353486685317801
0.6998465974712602	0.013616527795681456
0.6999889118023916	0.01367560166897609
0.7000742056301519	0.013748259374111938
0.700083682722125	0.013839081505517718
0.6999415263425255	0.01400240339052461
0.6998846637906848	0.014165883227066236
0.6996949639996874	0.014361111321707785
0.6994389245648749	0.014560920010811723
0.6992207934979564	0.014678909805877481
0.6990595249828786	0.01473798367918334
0.6990405707989322	0.014819644621686785
0.6990974333507715	0.014883141137909076
0.6990500478909054	0.014964960031947257
0.6988793022838531	0.015037459785537145
0.6987561000882	0.015137443105856482
0.6986422170329882	0.015300764990863375
0.6984051317821234	0.015373422695987998
0.6982059548991513	0.015405328905633878
0.6979214841884205	0.015437077163745023
0.6978267132686871	0.01549157044258849
0.6978930529125009	0.015573231385091937
0.6979974588757394	0.01566405351650894
0.697987823832233	0.015800207737855853
0.6979025300044741	0.015931939316286337
0.6978172361767139	0.01605450970580326
0.6977982819927675	0.016145173885685527
0.697779327808821	0.016235996017091307
0.6978835758205277	0.016290489295934775
0.6980258901516591	0.016313234316678322
0.6980732756115251	0.016358566406619455
0.6980448443356054	0.016440385300646412
0.6979974588757394	0.016540210669431017
0.6980827527034983	0.016535630074979848
0.6981775236232317	0.016449388538025234
0.6982914066784435	0.016358566406619455
0.6984051317821234	0.01632681814850831
0.6985474461132548	0.01623141542264014
