	-6.8326743	61.9712749
	-6.8326461	61.9712492
	-6.8325537	61.9711644
	-6.830622	61.9698805
	-6.8282165	61.9680627
	-6.8267303	61.9672608
	-6.8251161	61.9663897
	-6.8211318	61.9637975
	-6.8207409	61.9634147
	-6.8205054	61.9631841
	-6.8203473	61.9621804
	-6.8202607	61.9617914
	-6.8200291	61.9613141
	-6.8195303	61.9608241
	-6.8180148	61.9598928
	-6.8177487	61.959794
	-6.8174561	61.9598097
	-6.8172395	61.9599732
	-6.8187902	61.9609112
	-6.8193606	61.9613536
	-6.8197455	61.9618747
	-6.8188191	61.9620601
	-6.8187752	61.9620689
	-6.8190781	61.9623593
	-6.8189171	61.9623981
	-6.8188717	61.962409
	-6.8188176	61.9624221
	-6.8188993	61.962497
	-6.8186785	61.9625113
	-6.818494	61.9625075
	-6.8183166	61.9624959
	-6.8182189	61.9624839
	-6.8181335	61.9624632
	-6.8176823	61.9622788
	-6.8173767	61.9621423
	-6.8168789	61.9619201
	-6.8165705	61.9617408
	-6.8164115	61.9616319
	-6.8163839	61.9615765
	-6.8163935	61.9615352
	-6.8164365	61.961487
	-6.8173436	61.9612044
	-6.8175917	61.9610953
	-6.8175981	61.9610167
	-6.8175024	61.9609245
	-6.8173922	61.9608939
	-6.8162638	61.9611952
	-6.8161083	61.9612231
	-6.8158864	61.9612384
	-6.8156669	61.9612318
	-6.8153213	61.9611671
	-6.8152013	61.961099
	-6.8149283	61.9608418
	-6.8147286	61.9606817
	-6.8144614	61.960462
	-6.8141885	61.960244
	-6.8138788	61.9600182
	-6.8135582	61.959629
	-6.811757	61.9588688
	-6.8108735	61.958189
	-6.810476	61.9578829
	-6.8104133	61.9575463
	-6.8091576	61.956832
	-6.8088041	61.9567072
	-6.8085407	61.9565023
	-6.8082403	61.956481
	-6.8067591	61.9558875
	-6.8057922	61.9555037
	-6.8052737	61.9550355
	-6.8043104	61.9544114
	-6.8036575	61.9537775
	-6.8026427	61.953099
	-6.8021796	61.9528545
	-6.8021969	61.9526765
	-6.80214	61.9526058
	-6.8020421	61.9525459
	-6.8019698	61.9525263
	-6.8018615	61.952523
	-6.8016266	61.952562
	-6.8013482	61.9525563
	-6.8012284	61.9526092
	-6.8010363	61.9528302
	-6.8008554	61.9528931
	-6.8006037	61.9528841
	-6.8003371	61.9528235
	-6.7998407	61.9526874
	-6.7995476	61.9526246
	-6.7992214	61.9526033
	-6.7987132	61.952586
	-6.79821	61.9525912
	-6.7978527	61.9526369
	-6.7977267	61.9526508
	-6.7975576	61.9526695
	-6.7973198	61.9526781
	-6.7969281	61.9526482
	-6.7964865	61.952603
	-6.7959095	61.9525067
	-6.7957226	61.952456
	-6.7955941	61.9524052
	-6.7955088	61.9523529
	-6.7954406	61.9522796
	-6.7952985	61.9521755
	-6.795076	61.9520403
	-6.7948216	61.9519282
	-6.7947237	61.9518857
	-6.7946518	61.9518752
	-6.7945637	61.9518829
	-6.7944957	61.9518907
	-6.7944474	61.9518745
	-6.7944043	61.9518593
	-6.7943768	61.9518325
	-6.7941165	61.9518828
	-6.7940505	61.9518116
	-6.794354	61.9517546
	-6.794367	61.9517667
	-6.7946113	61.9517215
	-6.7945505	61.9516421
	-6.7959031	61.9512731
	-6.7960045	61.9512527
	-6.7960771	61.9512433
	-6.7961308	61.9512408
	-6.7961815	61.951235
	-6.7962137	61.9512199
	-6.7962113	61.9511954
	-6.7961761	61.9511694
	-6.7961201	61.9511551
	-6.7960688	61.9511568
	-6.7945545	61.9515107
	-6.7943406	61.951561
	-6.794173	61.9515891
	-6.7940234	61.9516015
	-6.7938266	61.9516032
	-6.7937439	61.9516011
	-6.7937129	61.9515954
	-6.7936209	61.951579
	-6.7931813	61.9515019
	-6.7921493	61.9515034
	-6.7906698	61.9512031
	-6.789348	61.9512021
	-6.7857543	61.9504443
	-6.784264	61.9500538
	-6.7830557	61.9492606
	-6.780992	61.9479808
	-6.7797798	61.9467363
	-6.7782143	61.9459136
	-6.7767127	61.9454365
	-6.7761028	61.944881
	-6.7756197	61.9448321
	-6.7754414	61.9447203
	-6.7755901	61.9444197
	-6.7755678	61.944238
	-6.7751146	61.9441065
	-6.7748773	61.9440862
	-6.7746012	61.9441208
	-6.7743215	61.9441918
	-6.7740566	61.9442039
	-6.7741229	61.944119
	-6.774513	61.9440014
	-6.7749693	61.9439217
	-6.7750699	61.9438605
	-6.7742494	61.9432306
	-6.7739035	61.9429897
	-6.7730699	61.942818
	-6.7723588	61.9427749
	-6.7699468	61.9426284
	-6.76882	61.9423392
	-6.766718	61.9421675
	-6.7660308	61.9420044
	-6.7653985	61.9420017
	-6.7653346	61.9420863
	-6.7654706	61.9421527
	-6.7655029	61.9422609
	-6.7651781	61.9423591
	-6.7647171	61.9424451
	-6.764248	61.9423824
	-6.7637645	61.9423374
	-6.7632346	61.9422905
	-6.7630247	61.9423168
	-6.7628299	61.9423661
	-6.761909	61.942351
	-6.7610133	61.942209
	-6.7605631	61.9422162
	-6.7598618	61.9422739
	-6.7593348	61.9421777
	-6.7590816	61.9420866
	-6.7589446	61.9420509
	-6.7588752	61.9420677
	-6.7587997	61.9421492
	-6.7586673	61.9422073
	-6.7585067	61.9421993
	-6.758165	61.9421408
	-6.7577104	61.9420619
	-6.757212	61.9419868
	-6.756927	61.9418843
	-6.7568132	61.941866
	-6.7567041	61.941883
	-6.7565988	61.9419055
	-6.7564614	61.9419182
	-6.7561919	61.9418942
	-6.7559895	61.9418522
	-6.7549392	61.941579
	-6.751528	61.9404297
	-6.7504961	61.9397107
	-6.7498947	61.9393594
	-6.7491568	61.9391057
	-6.7481635	61.9388708
	-6.7481574	61.9386993
	-6.7478963	61.9386364
	-6.747759	61.9386647
	-6.7476384	61.9386995
	-6.7475868	61.9387016
	-6.7475487	61.9386511
	-6.7475258	61.9386061
	-6.747445	61.9385519
	-6.7469648	61.9383927
	-6.7465503	61.9383752
	-6.7457868	61.9384524
	-6.7454315	61.9383288
	-6.7450597	61.9382484
	-6.7444125	61.938131
	-6.743718	61.93819
	-6.7430308	61.9384132
	-6.7424325	61.9391379
	-6.7550036	61.9446249
	-6.7783683	61.9547049
	-6.7760065	61.9787649
	-6.7789129	61.9804176
	-6.7810544	61.9807051
	-6.7827746	61.9816593
	-6.7874024	61.9842259
	-6.7892379	61.9846211
	-6.797345	61.987423
	-6.7998689	61.9886443
	-6.8047638	61.9888239
	-6.8052992	61.987459
	-6.8064464	61.9876386
	-6.8115879	61.9873682
	-6.8141711	61.9866687
	-6.8150124	61.9851599
	-6.814477	61.9808129
	-6.8119531	61.979232
	-6.8123355	61.9759621
	-6.8109588	61.9731231
	-6.8147064	61.9740216
	-6.8221078	61.9732893
	-6.8221937	61.9732704
	-6.8224867	61.9732347
	-6.8228707	61.9731801
	-6.8234062	61.9731255
	-6.8238912	61.9730662
	-6.8241691	61.9730353
	-6.8244369	61.972995
	-6.8246339	61.9729475
	-6.8247956	61.9729071
	-6.8251038	61.9728525
	-6.825513	61.9727766
	-6.8261849	61.972608
	-6.8264224	61.9725368
	-6.8266447	61.9724513
	-6.8268361	61.9723152
	-6.8268676	61.9722819
	-6.8269149	61.9722467
	-6.8269819	61.97223
	-6.8270804	61.97223
	-6.8271671	61.9722319
	-6.8272814	61.9722226
	-6.8274784	61.9722078
	-6.8276518	61.9722059
	-6.8279355	61.9722245
	-6.8281207	61.9722245
	-6.8282507	61.9722115
	-6.8283492	61.9721856
	-6.8284674	61.97218
	-6.8285857	61.9721578
	-6.8287537	61.9721288
	-6.8288452	61.97211
	-6.8289024	61.972118
	-6.828931	61.9721342
	-6.8289768	61.9721476
	-6.8290626	61.9721503
	-6.8291484	61.9721449
	-6.8291999	61.9721449
	-6.8292456	61.9721664
	-6.8293429	61.9722202
	-6.829427	61.972282
	-6.8294524	61.9722828
	-6.8298264	61.972223
	-6.8298844	61.9721915
	-6.829996	61.9721873
	-6.8300495	61.9721978
	-6.8301611	61.9721978
	-6.8302057	61.9721873
	-6.8302235	61.972158
	-6.8302103	61.9721319
	-6.8301924	61.9720942
	-6.8302593	61.9720585
	-6.8303263	61.9720313
	-6.8304155	61.9720187
	-6.830536	61.9719369
	-6.8306386	61.9718803
	-6.83071	61.9718405
	-6.8307903	61.9718048
	-6.8309152	61.9717671
	-6.8309598	61.9717399
	-6.8310045	61.9717147
	-6.8310402	61.9716623
	-6.8310848	61.9716057
	-6.8311205	61.9715784
	-6.8312766	61.9715428
	-6.8318879	61.9714337
	-6.8326743	61.9712749