	-6.9526611	61.9123488
	-6.9525657	61.9121848
	-6.9526634	61.9121387
	-6.9527783	61.912178
	-6.9528912	61.9121723
	-6.9529051	61.9121117
	-6.9528073	61.9119496
	-6.9527391	61.9118883
	-6.9526244	61.9118712
	-6.9524891	61.9116837
	-6.9524121	61.9114819
	-6.9523975	61.9112941
	-6.9523252	61.9112751
	-6.9522828	61.911212
	-6.9523073	61.9111466
	-6.9520413	61.9110087
	-6.952011	61.9109008
	-6.9521201	61.9107958
	-6.9520836	61.910717
	-6.9519319	61.9106344
	-6.9517469	61.9106304
	-6.9516658	61.9105908
	-6.95166	61.9104726
	-6.9517584	61.910273
	-6.9516944	61.9101791
	-6.9514899	61.9101203
	-6.9510108	61.9098032
	-6.9498057	61.9092357
	-6.9490916	61.9091102
	-6.948924	61.909228
	-6.9494246	61.9096926
	-6.9492762	61.9097659
	-6.9482241	61.9090334
	-6.9480131	61.9089542
	-6.9478061	61.909022
	-6.9481026	61.9093218
	-6.9479419	61.90939
	-6.9470246	61.9087381
	-6.945576	61.9078007
	-6.9445657	61.9076167
	-6.943531	61.9072501
	-6.9414995	61.9062845
	-6.94149	61.9056676
	-6.9414203	61.9051569
	-6.9405473	61.9044982
	-6.9388555	61.9038324
	-6.9376967	61.9030683
	-6.9385895	61.9028235
	-6.9366393	61.9014096
	-6.9367928	61.9010381
	-6.9363783	61.9004986
	-6.9362598	61.8996517
	-6.9356281	61.8994825
	-6.9350965	61.8992321
	-6.9345421	61.8992893
	-6.9341207	61.89954
	-6.9328043	61.8981078
	-6.9322023	61.8976434
	-6.9321548	61.8973583
	-6.9318217	61.8971034
	-6.931431	61.8970733
	-6.9314785	61.8977105
	-6.9309563	61.8978502
	-6.9300427	61.8972801
	-6.9282153	61.8966373
	-6.9266196	61.895824
	-6.9258777	61.8950218
	-6.9248928	61.8942783
	-6.9240384	61.8936019
	-6.9236112	61.8930876
	-6.9237418	61.892741
	-6.9233027	61.8925118
	-6.9222229	61.8913043
	-6.9224835	61.8910607
	-6.9222632	61.8907315
	-6.9224911	61.8905312
	-6.9225195	61.8902923
	-6.9233146	61.89027
	-6.9236226	61.8900875
	-6.9236067	61.8898768
	-6.9236074	61.8896295
	-6.9227493	61.8890999
	-6.9216101	61.8889961
	-6.9207368	61.888853
	-6.9200229	61.888098
	-6.9202887	61.8878439
	-6.9202508	61.8875862
	-6.9200989	61.8873751
	-6.9196128	61.8872248
	-6.9190281	61.8864268
	-6.9190812	61.8862872
	-6.9193087	61.8862191
	-6.9192806	61.8860332
	-6.9185971	61.8858855
	-6.9182364	61.8851608
	-6.9198217	61.8843467
	-6.9203628	61.8832775
	-6.920116	61.8829733
	-6.9207235	61.8822664
	-6.9207235	61.8821009
	-6.9202489	61.8818682
	-6.9204767	61.8809913
	-6.921426	61.8807989
	-6.922005	61.8802799
	-6.9220323	61.8801605
	-6.9218689	61.880166
	-6.9214568	61.880265
	-6.9217562	61.8800213
	-6.9221061	61.8799754
	-6.9220362	61.8798973
	-6.9220335	61.879752
	-6.9216443	61.8795909
	-6.9206191	61.8794477
	-6.9199261	61.8788929
	-6.9196603	61.8781502
	-6.9203243	61.8779231
	-6.9207514	61.8780965
	-6.9214919	61.8780108
	-6.9215583	61.8774533
	-6.9220092	61.877554
	-6.9222703	61.8773582
	-6.9219381	61.877073
	-6.921674	61.8770069
	-6.9213447	61.8770394
	-6.9191614	61.8760382
	-6.9191377	61.8756299
	-6.9186809	61.8751386
	-6.9182893	61.8751051
	-6.917791	61.8754295
	-6.9168417	61.8752449
	-6.9164857	61.8747918
	-6.917696	61.8741597
	-6.9177256	61.8738735
	-6.9170078	61.8739192
	-6.9164382	61.8741877
	-6.9164857	61.8743555
	-6.9157381	61.8746855
	-6.915038	61.8746464
	-6.9144447	61.8736898
	-6.9150499	61.8729011
	-6.9161666	61.872606
	-6.9159161	61.8723137
	-6.9160704	61.8718718
	-6.9149075	61.8712956
	-6.9149906	61.871027
	-6.9161416	61.8704396
	-6.9157856	61.870283
	-6.9150618	61.8705347
	-6.9142786	61.8705571
	-6.9134717	61.8709711
	-6.9127004	61.8708312
	-6.9124749	61.8705795
	-6.9115375	61.8705571
	-6.9108256	61.8699753
	-6.910434	61.8692536
	-6.9108137	61.8691137
	-6.9115969	61.8690298
	-6.9117511	61.8686997
	-6.9122376	61.8684144
	-6.912005	61.8678072
	-6.9124075	61.8678207
	-6.912495	61.866699
	-6.9124987	61.8666506
	-6.9126171	61.8665622
	-6.9128404	61.866559
	-6.9130508	61.8666407
	-6.9131333	61.8666132
	-6.9130717	61.8662528
	-6.9127415	61.8656241
	-6.9124895	61.8650848
	-6.9123785	61.8650133
	-6.9120974	61.8649661
	-6.9118258	61.8644083
	-6.9121116	61.8643841
	-6.9121886	61.864313
	-6.9120875	61.8641854
	-6.912088	61.8641117
	-6.9121879	61.8640224
	-6.9125073	61.8639546
	-6.9128002	61.863811
	-6.9128644	61.8636084
	-6.9128304	61.8635148
	-6.9121974	61.8634211
	-6.9119248	61.8634387
	-6.9115245	61.8635241
	-6.9112824	61.8635466
	-6.9110519	61.8635153
	-6.9108392	61.8634716
	-6.9104627	61.8634847
	-6.9100067	61.863511
	-6.9094145	61.8632846
	-6.9090825	61.8631142
	-6.9091846	61.8628419
	-6.9090825	61.8626893
	-6.9088943	61.8625904
	-6.9085639	61.8625022
	-6.9081791	61.8624988
	-6.9077774	61.8625173
	-6.9073127	61.862129
	-6.9071738	61.8619446
	-6.9072322	61.8613068
	-6.9073884	61.8608795
	-6.9076122	61.860662
	-6.9079887	61.860423
	-6.9081263	61.8603889
	-6.9086771	61.8603992
	-6.9090445	61.8604046
	-6.9091661	61.8603608
	-6.9096106	61.8598981
	-6.9096813	61.8598173
	-6.9097351	61.8597389
	-6.9097404	61.8596638
	-6.9096887	61.8595918
	-6.9093679	61.8594627
	-6.9089669	61.8593015
	-6.9082883	61.8588429
	-6.9080973	61.8587316
	-6.9079184	61.858667
	-6.907702	61.8586275
	-6.9076215	61.8585852
	-6.9074187	61.8582223
	-6.907419	61.8578475
	-6.9074614	61.8577919
	-6.9077614	61.8576695
	-6.9079056	61.8575792
	-6.9080197	61.8575205
	-6.9082316	61.8574605
	-6.9086691	61.8573655
	-6.9087978	61.8573133
	-6.908838	61.8572426
	-6.908741	61.8571922
	-6.9085139	61.8571879
	-6.9084232	61.8571648
	-6.9082993	61.8570228
	-6.9081763	61.8569792
	-6.9080274	61.8569993
	-6.9077511	61.8571321
	-6.9076816	61.8572233
	-6.9076046	61.8572572
	-6.9075016	61.8572523
	-6.9075838	61.8571259
	-6.9075351	61.857079
	-6.9074116	61.8570919
	-6.9073719	61.8570567
	-6.9074415	61.8569996
	-6.9077247	61.8569493
	-6.9080672	61.8569078
	-6.9080691	61.8568611
	-6.907839	61.8567979
	-6.9075326	61.8567199
	-6.9074477	61.8566612
	-6.9075258	61.8561955
	-6.9075539	61.8555833
	-6.9073115	61.8550379
	-6.9071315	61.8548997
	-6.9068581	61.8548356
	-6.9064506	61.8547957
	-6.9060893	61.854659
	-6.9057436	61.8544965
	-6.9057338	61.8544486
	-6.9057967	61.8544197
	-6.9058839	61.8544166
	-6.9059848	61.8544499
	-6.9062166	61.854619
	-6.9063367	61.8546497
	-6.9066835	61.8546403
	-6.9067336	61.8546081
	-6.9065154	61.8545079
	-6.9064558	61.8544153
	-6.9064092	61.8541733
	-6.9058949	61.8536973
	-6.9049187	61.8530745
	-6.9046657	61.8529107
	-6.9043103	61.8527804
	-6.9040067	61.8527112
	-6.9036168	61.8526745
	-6.903151	61.8525937
	-6.9028765	61.8524957
	-6.9027645	61.8524111
	-6.9027526	61.8522774
	-6.9028511	61.8517041
	-6.9027659	61.8514404
	-6.9024223	61.8512227
	-6.9022406	61.8511542
	-6.9016646	61.8510705
	-6.9014591	61.8509449
	-6.900217	61.8499013
	-6.8998846	61.8496654
	-6.8982715	61.8485982
	-6.8976698	61.8480694
	-6.8964642	61.847503
	-6.8964329	61.8474883
	-6.8956628	61.8471106
	-6.8952707	61.8468602
	-6.8949869	61.8466286
	-6.8947515	61.8463713
	-6.8945977	61.84608
	-6.894505	61.8456206
	-6.894475	61.8452606
	-6.8944906	61.8449955
	-6.8945403	61.844767
	-6.8946335	61.8445527
	-6.8947764	61.8444228
	-6.8950275	61.8443067
	-6.8951832	61.8441675
	-6.8954884	61.8440026
	-6.8964245	61.843636
	-6.8972093	61.8433632
	-6.89878	61.8431196
	-6.899118	61.8430507
	-6.8992238	61.8430365
	-6.8993901	61.843051
	-6.899518	61.8430868
	-6.8996546	61.843139
	-6.8999303	61.8432432
	-6.9001476	61.8432754
	-6.9003117	61.8432243
	-6.9003979	61.8431715
	-6.9007194	61.8431752
	-6.9010284	61.8431035
	-6.901178	61.8430027
	-6.9013268	61.8428379
	-6.9015568	61.842751
	-6.9018676	61.8426923
	-6.9022306	61.8426369
	-6.9025331	61.8426174
	-6.9025761	61.8425619
	-6.9021799	61.8425495
	-6.9018543	61.842497
	-6.9014449	61.8423891
	-6.9014388	61.8423142
	-6.9015102	61.842231
	-6.9014263	61.8420964
	-6.9012475	61.8420612
	-6.9010515	61.8421095
	-6.9012555	61.8419114
	-6.9013329	61.8417862
	-6.9013038	61.8416672
	-6.9013028	61.8415186
	-6.9013558	61.8413811
	-6.9014995	61.8410419
	-6.9016344	61.8410111
	-6.9017768	61.84095
	-6.9018687	61.8408326
	-6.9019746	61.8408143
	-6.9020804	61.8409599
	-6.9021573	61.841005
	-6.9024444	61.8410339
	-6.9025679	61.8410176
	-6.9026413	61.8409677
	-6.902809	61.8406209
	-6.9027443	61.8405705
	-6.9026155	61.8405688
	-6.9025069	61.8405422
	-6.9023936	61.8404384
	-6.9023111	61.8404175
	-6.9021477	61.8404718
	-6.9019804	61.8404676
	-6.9017633	61.8403889
	-6.901546	61.8401699
	-6.9014669	61.8399913
	-6.9015304	61.8396746
	-6.9014077	61.8392448
	-6.901208	61.8391387
	-6.9008153	61.8389912
	-6.9006014	61.8388141
	-6.9003581	61.8381574
	-6.90027	61.8379555
	-6.9001566	61.8378963
	-6.8996684	61.8378675
	-6.8993301	61.8377903
	-6.8990565	61.837617
	-6.8988777	61.8373576
	-6.8986777	61.8368648
	-6.8986516	61.8364974
	-6.8986156	61.8364463
	-6.897909	61.8363303
	-6.8974747	61.8362344
	-6.8970754	61.8361596
	-6.8969592	61.8361046
	-6.896906	61.8359891
	-6.8969521	61.8353762
	-6.8969239	61.8352742
	-6.8968145	61.8352138
	-6.8967019	61.835134
	-6.8966646	61.8349144
	-6.8966076	61.8348197
	-6.8964117	61.8346585
	-6.8963232	61.8344682
	-6.8963691	61.8341766
	-6.8965716	61.8339682
	-6.8966125	61.8338697
	-6.8965353	61.833777
	-6.8960949	61.8336464
	-6.8958592	61.8334309
	-6.8955861	61.8333154
	-6.8952983	61.8331987
	-6.8950741	61.8329848
	-6.8948703	61.8325946
	-6.8947537	61.8322723
	-6.8946767	61.8322109
	-6.8945539	61.8321888
	-6.8939482	61.8321718
	-6.8933149	61.8322031
	-6.8927672	61.8321699
	-6.8924603	61.832123
	-6.8922212	61.8320491
	-6.892111	61.8319527
	-6.8919674	61.8315977
	-6.8919933	61.831459
	-6.891922	61.8314056
	-6.8917343	61.8313879
	-6.8913972	61.8314235
	-6.8911651	61.8314095
	-6.8909414	61.831317
	-6.8904283	61.8310599
	-6.8902987	61.831045
	-6.8900091	61.8310684
	-6.8897532	61.8310579
	-6.8895584	61.8310304
	-6.889394	61.8309919
	-6.8891894	61.8308879
	-6.8886617	61.8305459
	-6.8886157	61.8305
	-6.8886198	61.8304605
	-6.888647	61.8303977
	-6.8885834	61.8303693
	-6.8885059	61.8303661
	-6.8884503	61.8303589
	-6.8884175	61.8303294
	-6.8884369	61.8303004
	-6.8884428	61.8302581
	-6.8884217	61.8301928
	-6.8884508	61.8301419
	-6.8884629	61.8300966
	-6.8884411	61.8300555
	-6.8883636	61.8300144
	-6.8882637	61.8300001
	-6.8881856	61.8300158
	-6.8881695	61.8300507
	-6.8881699	61.8300884
	-6.8881324	61.8301095
	-6.8877787	61.8300529
	-6.8872805	61.8299445
	-6.8869144	61.8298546
	-6.8867069	61.8298324
	-6.8866082	61.8298047
	-6.8865706	61.8297493
	-6.8866387	61.8294467
	-6.8866105	61.8293013
	-6.8864947	61.8291405
	-6.8863741	61.8290683
	-6.8862679	61.8290678
	-6.8861795	61.829105
	-6.8860297	61.8290066
	-6.8859928	61.8288375
	-6.886027	61.8285746
	-6.8859196	61.8284478
	-6.8857284	61.8284049
	-6.88557	61.8283632
	-6.8854963	61.828279
	-6.8855105	61.8280051
	-6.8855779	61.8277483
	-6.8855383	61.8276556
	-6.8854587	61.8275776
	-6.8853326	61.8275317
	-6.8852919	61.8274893
	-6.8853736	61.8273857
	-6.8853462	61.8273392
	-6.8853011	61.8272747
	-6.8852297	61.8271741
	-6.8849563	61.8269448
	-6.8843888	61.8266655
	-6.8839237	61.8265217
	-6.8838266	61.8264434
	-6.8837049	61.8263583
	-6.8835941	61.8263046
	-6.883548	61.8262418
	-6.8834894	61.8259118
	-6.8832581	61.8256861
	-6.8832137	61.8255772
	-6.883161	61.8254985
	-6.883064	61.8254349
	-6.8829576	61.8254113
	-6.8828323	61.8253917
	-6.8822346	61.825123
	-6.8818344	61.8247916
	-6.8816479	61.8245642
	-6.881442	61.8241796
	-6.8811939	61.8239598
	-6.8806812	61.8236142
	-6.8803113	61.8233637
	-6.8801612	61.8231456
	-6.8798375	61.8227186
	-6.8797236	61.8226035
	-6.8796743	61.822445
	-6.8795537	61.8224052
	-6.8793176	61.8225029
	-6.8791084	61.8225094
	-6.8787848	61.8224187
	-6.8786084	61.8223131
	-6.8785114	61.8221631
	-6.8784111	61.8221241
	-6.8782866	61.8221229
	-6.8781774	61.822095
	-6.8782077	61.8219646
	-6.8780745	61.8215112
	-6.877792	61.8211012
	-6.8776118	61.8209432
	-6.8773238	61.8208053
	-6.8771788	61.8207153
	-6.8771549	61.8206003
	-6.8770852	61.8204781
	-6.8769823	61.8204139
	-6.8769847	61.8203672
	-6.8771863	61.8200524
	-6.8771718	61.8197691
	-6.8770738	61.8195103
	-6.8769464	61.8194508
	-6.8767816	61.8194813
	-6.8766615	61.8194759
	-6.8764754	61.8194284
	-6.876033	61.8192145
	-6.8758681	61.8191916
	-6.8755469	61.8192219
	-6.8744882	61.8194468
	-6.8738715	61.81967
	-6.8735948	61.8197885
	-6.8734958	61.8199109
	-6.8734367	61.8200694
	-6.8733681	61.8198767
	-6.8732872	61.8198072
	-6.8731817	61.8197825
	-6.872892	61.819842
	-6.8728409	61.8198846
	-6.8727683	61.8199508
	-6.8726316	61.8199796
	-6.8722978	61.8200335
	-6.8717951	61.8200899
	-6.8716417	61.8201429
	-6.8712587	61.8203525
	-6.8710986	61.8205173
	-6.8709233	61.8208986
	-6.870825	61.8216462
	-6.8705081	61.8226503
	-6.8704998	61.8228583
	-6.8705927	61.8231102
	-6.8707093	61.8232589
	-6.8707527	61.8234135
	-6.8707247	61.823679
	-6.8707692	61.8239055
	-6.8709522	61.8241767
	-6.8711677	61.8248161
	-6.8714794	61.8254461
	-6.8717342	61.8262261
	-6.8717291	61.8262733
	-6.8717113	61.8264394
	-6.8715715	61.8266014
	-6.8713089	61.8267532
	-6.8708574	61.8268369
	-6.870444	61.8269976
	-6.8700206	61.8272624
	-6.8699388	61.8273765
	-6.8698511	61.8276796
	-6.8696812	61.8279355
	-6.8693864	61.8282871
	-6.8690675	61.8284993
	-6.8687745	61.8286544
	-6.8684335	61.8287339
	-6.8680517	61.8287762
	-6.8674182	61.8289197
	-6.8670563	61.8290486
	-6.8666742	61.8292557
	-6.8664657	61.8294663
	-6.8662945	61.8302303
	-6.8661988	61.8303504
	-6.8661169	61.830453
	-6.8659641	61.8305782
	-6.8657722	61.8306697
	-6.8655843	61.8307145
	-6.8652588	61.8307634
	-6.8642772	61.8309934
	-6.8640271	61.8310735
	-6.8639854	61.8311162
	-6.8639898	61.8311731
	-6.8640203	61.8312826
	-6.8640792	61.8313774
	-6.8642533	61.8315153
	-6.8643543	61.8316636
	-6.8643548	61.8317206
	-6.8642605	61.8316877
	-6.864156	61.8315708
	-6.8638864	61.8313139
	-6.8637747	61.831172
	-6.8636915	61.8311285
	-6.8635698	61.8311097
	-6.8633832	61.8311104
	-6.8632625	61.8311328
	-6.8632033	61.8311198
	-6.86318	61.8310978
	-6.8631685	61.8310654
	-6.8631279	61.8310298
	-6.8630492	61.8310068
	-6.862864	61.830985
	-6.8627475	61.8309642
	-6.862519	61.8308831
	-6.8623257	61.8307694
	-6.8621972	61.8306722
	-6.862072	61.8305931
	-6.8610648	61.8301811
	-6.8609569	61.8301667
	-6.8608437	61.8301654
	-6.860718	61.8301732
	-6.8606035	61.830191
	-6.8605247	61.8302164
	-6.8604296	61.8302527
	-6.8602923	61.830273
	-6.8592734	61.830337
	-6.8591943	61.8303311
	-6.8591578	61.8303106
	-6.8591344	61.8302753
	-6.8590623	61.8302542
	-6.8589614	61.8302523
	-6.8588354	61.8302726
	-6.8587796	61.8302968
	-6.8587413	61.8303342
	-6.8586807	61.8303557
	-6.8582846	61.8303615
	-6.8579504	61.8303909
	-6.8574709	61.8304602
	-6.8572954	61.8304905
	-6.8571942	61.8305169
	-6.8565813	61.8308922
	-6.8560535	61.8310978
	-6.8555918	61.8312206
	-6.8554831	61.8312582
	-6.8554498	61.8313076
	-6.8554869	61.8313985
	-6.8554873	61.8314581
	-6.8554152	61.8315715
	-6.855363	61.8315965
	-6.8552957	61.8316035
	-6.8552479	61.83159
	-6.8551179	61.831512
	-6.8550609	61.8315025
	-6.8549847	61.8315109
	-6.8548381	61.8315882
	-6.8547262	61.8316915
	-6.8544817	61.8320485
	-6.8544325	61.8320492
	-6.8543985	61.8320273
	-6.8543505	61.8320078
	-6.8543077	61.8320133
	-6.8542619	61.8320339
	-6.8541921	61.8321397
	-6.8541272	61.8321455
	-6.8540892	61.8321306
	-6.8540962	61.8319999
	-6.8540923	61.8319153
	-6.8540458	61.8318988
	-6.8539722	61.8319007
	-6.853781	61.8319323
	-6.8536837	61.8319415
	-6.853569	61.8319434
	-6.8534346	61.8319568
	-6.8530734	61.8320594
	-6.8526431	61.8322546
	-6.8521316	61.832557
	-6.8519213	61.8327195
	-6.851868	61.8327323
	-6.8517813	61.8327307
	-6.8516113	61.8327711
	-6.8514452	61.8328515
	-6.8513693	61.8329235
	-6.8512932	61.8329884
	-6.8510827	61.8330838
	-6.8509719	61.8331393
	-6.8507775	61.8331803
	-6.8506135	61.8332214
	-6.8505003	61.833274
	-6.8503886	61.8332978
	-6.8502658	61.8333005
	-6.8501353	61.8333373
	-6.8498788	61.8335321
	-6.8498199	61.8336343
	-6.8496993	61.8337121
	-6.8490499	61.8338685
	-6.8488056	61.8339038
	-6.8484051	61.8339615
	-6.8483019	61.8340078
	-6.8481155	61.8341923
	-6.8480913	61.8340575
	-6.8479954	61.8340041
	-6.8479117	61.8339988
	-6.847609	61.8340509
	-6.8474043	61.8341359
	-6.8471563	61.834286
	-6.8471974	61.8341843
	-6.8471534	61.8341408
	-6.8470288	61.834106
	-6.846901	61.8340942
	-6.8467865	61.8341082
	-6.846674	61.8341089
	-6.8465512	61.8340878
	-6.8464022	61.8340808
	-6.8460218	61.8341198
	-6.8446529	61.8341632
	-6.8442562	61.8341805
	-6.8440292	61.8342347
	-6.8436629	61.8343158
	-6.8435721	61.8343152
	-6.8434351	61.8342908
	-6.8431702	61.8342558
	-6.8429339	61.8342528
	-6.8426716	61.8342916
	-6.8415201	61.8343953
	-6.8413956	61.8344414
	-6.8412519	61.8344311
	-6.8406112	61.8343505
	-6.8400598	61.8343286
	-6.8387157	61.8343268
	-6.8376158	61.8343859
	-6.8373139	61.8344607
	-6.8368117	61.8345434
	-6.8363621	61.8346278
	-6.8360675	61.8346613
	-6.835915	61.8347009
	-6.8358481	61.8347489
	-6.8358237	61.8347914
	-6.8358985	61.8348961
	-6.8358744	61.834956
	-6.8357902	61.8349891
	-6.8355083	61.8349993
	-6.8353166	61.8350692
	-6.8350008	61.8352617
	-6.8345362	61.8353633
	-6.8340902	61.8354142
	-6.8337711	61.8353574
	-6.833612	61.8353619
	-6.8334798	61.8354274
	-6.8335395	61.8355647
	-6.833463	61.8355892
	-6.8332842	61.8354474
	-6.8330897	61.8353483
	-6.8328763	61.8353565
	-6.8327792	61.8353997
	-6.8327046	61.8355063
	-6.8326118	61.8355696
	-6.8324452	61.8355993
	-6.8322787	61.8355922
	-6.8322132	61.8356311
	-6.8322504	61.835728
	-6.8323112	61.8358872
	-6.8322047	61.8358839
	-6.8316422	61.8358662
	-6.8311502	61.8358208
	-6.830744	61.8357534
	-6.8300168	61.8355481
	-6.8294674	61.8353923
	-6.829137	61.835267
	-6.8287743	61.8350906
	-6.8285634	61.8349438
	-6.8281957	61.8347662
	-6.8278601	61.8346586
	-6.8276887	61.8345714
	-6.8276084	61.834507
	-6.827606	61.8344436
	-6.8275544	61.8339999
	-6.8275101	61.833964
	-6.8274247	61.8339531
	-6.8266394	61.8339655
	-6.8265021	61.8339472
	-6.8263336	61.8338919
	-6.8261887	61.8338221
	-6.8260707	61.8337123
	-6.8261313	61.8334286
	-6.8256485	61.8327078
	-6.8248165	61.8327683
	-6.824385	61.8325272
	-6.8238082	61.8319737
	-6.8236191	61.831572
	-6.8232599	61.8314649
	-6.8228155	61.8312908
	-6.822702	61.8311078
	-6.8222394	61.8309628
	-6.8220496	61.8308177
	-6.8218086	61.8305812
	-6.8217376	61.8303044
	-6.8215907	61.8302773
	-6.8214939	61.8301881
	-6.8214019	61.8299619
	-6.8214939	61.8298773
	-6.8213878	61.8296661
	-6.8209151	61.8296661
	-6.8204423	61.8296036
	-6.8203635	61.8294637
	-6.8203572	61.8293001
	-6.820083	61.8290278
	-6.8202133	61.8289506
	-6.8199016	61.8285811
	-6.8192014	61.8276414
	-6.81893	61.8276064
	-6.8187075	61.8277984
	-6.8186482	61.8275555
	-6.8187927	61.8271233
	-6.8188253	61.8269878
	-6.8187478	61.8268172
	-6.8180715	61.8267174
	-6.8173793	61.8266476
	-6.8171359	61.8264756
	-6.8169244	61.8263512
	-6.8166979	61.8262814
	-6.8162675	61.8259359
	-6.8160152	61.82578
	-6.8156977	61.8256346
	-6.8154548	61.825631
	-6.8153175	61.8256766
	-6.8151802	61.825596
	-6.8150317	61.8255329
	-6.8149055	61.8255136
	-6.8147348	61.8255154
	-6.8146087	61.8256468
	-6.8145122	61.8256871
	-6.814245	61.8254979
	-6.8139184	61.8253962
	-6.8138924	61.8252999
	-6.8137842	61.8252582
	-6.8135902	61.8252549
	-6.8134158	61.8253601
	-6.8131189	61.825325
	-6.8130113	61.8253443
	-6.8127366	61.8253145
	-6.8124562	61.8253086
	-6.81218	61.8254004
	-6.8119573	61.8254214
	-6.8117495	61.8255037
	-6.8115634	61.8256894
	-6.8114623	61.8257195
	-6.8113616	61.8256322
	-6.8112818	61.8255141
	-6.8111908	61.8254716
	-6.8111297	61.8255914
	-6.8110497	61.8256591
	-6.8110073	61.8256404
	-6.8110481	61.825467
	-6.810844	61.8253653
	-6.8106028	61.825318
	-6.8103838	61.8252444
	-6.8103298	61.825193
	-6.810176	61.8252024
	-6.8100387	61.8251165
	-6.8098195	61.8251104
	-6.8096713	61.8251621
	-6.8095303	61.8252567
	-6.8094189	61.8254196
	-6.8094449	61.8254792
	-6.8093447	61.8255528
	-6.8091592	61.8256089
	-6.8091555	61.825686
	-6.8092037	61.8257473
	-6.8091109	61.8258332
	-6.8091406	61.825898
	-6.8090293	61.8259103
	-6.8089411	61.8260194
	-6.8088362	61.8260826
	-6.8087405	61.8261041
	-6.8086884	61.8261332
	-6.8086903	61.8261027
	-6.8087754	61.826018
	-6.8088408	61.8259922
	-6.8088909	61.8259512
	-6.8088894	61.8258443
	-6.8088423	61.8257273
	-6.8089396	61.8257144
	-6.8090353	61.8256613
	-6.8091433	61.8255608
	-6.8091828	61.8254697
	-6.8091904	61.8253814
	-6.809312	61.8253426
	-6.8093378	61.8252472
	-6.809315	61.8251948
	-6.8094214	61.8250922
	-6.8094655	61.8250197
	-6.8094807	61.8249493
	-6.8095505	61.8248764
	-6.8095248	61.8248216
	-6.8094169	61.824767
	-6.8093986	61.8247412
	-6.80935	61.8247354
	-6.8091387	61.8246206
	-6.809122	61.8245704
	-6.8090445	61.8245632
	-6.8089381	61.8245015
	-6.8088296	61.8244623
	-6.8086721	61.8245051
	-6.8085352	61.8245718
	-6.8085003	61.8246328
	-6.8084456	61.8246673
	-6.8084684	61.8247297
	-6.8084577	61.8247685
	-6.808365	61.8247677
	-6.80833	61.8247929
	-6.808289	61.8247929
	-6.8082252	61.8247663
	-6.8082008	61.8246773
	-6.8081309	61.8246845
	-6.8080527	61.8247078
	-6.8079789	61.8247283
	-6.8079394	61.8247742
	-6.8079591	61.8248137
	-6.808137	61.8249249
	-6.8082297	61.8249701
	-6.8083072	61.8249881
	-6.8083665	61.8250125
	-6.8083949	61.8250362
	-6.8083893	61.8250484
	-6.8083311	61.825059
	-6.8082626	61.8250516
	-6.8082081	61.8250395
	-6.8082004	61.8249994
	-6.8081871	61.8249682
	-6.808135	61.824941
	-6.8080751	61.8249587
	-6.80804	61.8249623
	-6.808019	61.8249348
	-6.8079568	61.8249329
	-6.8078968	61.8249486
	-6.8078128	61.8250627
	-6.8077529	61.825063
	-6.8077357	61.8250706
	-6.8076984	61.8251157
	-6.8077202	61.825187
	-6.807749	61.8252171
	-6.8078688	61.8252814
	-6.8078625	61.8252961
	-6.8077068	61.8252622
	-6.8076361	61.8252678
	-6.8075624	61.8252845
	-6.8075459	61.8253421
	-6.807528	61.8253531
	-6.8075107	61.8253527
	-6.8074914	61.8253487
	-6.8074634	61.8253204
	-6.8074774	61.8252891
	-6.8075311	61.8252388
	-6.8075661	61.8251833
	-6.80757	61.8251422
	-6.8075547	61.8251094
	-6.8075174	61.825108
	-6.8074925	61.8251218
	-6.8074508	61.8251633
	-6.8074252	61.8252112
	-6.8073876	61.8252411
	-6.807325	61.825272
	-6.8072259	61.8253003
	-6.8071919	61.8253419
	-6.8071701	61.8253841
	-6.8071289	61.8254132
	-6.8071281	61.8254679
	-6.8070923	61.8255116
	-6.807037	61.8255664
	-6.8069034	61.8256742
	-6.8068868	61.8256498
	-6.8069397	61.825526
	-6.8069639	61.8255002
	-6.8069857	61.8254602
	-6.8070479	61.825437
	-6.8070727	61.8254053
	-6.8070689	61.8253771
	-6.8070456	61.825347
	-6.8071382	61.8252926
	-6.8071604	61.8252376
	-6.8071207	61.8251806
	-6.8072019	61.8251506
	-6.8072398	61.825088
	-6.8072577	61.8250193
	-6.8072904	61.8249539
	-6.8073503	61.8249079
	-6.8074102	61.8248602
	-6.8074414	61.8248006
	-6.8074548	61.8246608
	-6.80739	61.8246004
	-6.8072515	61.8245203
	-6.8071091	61.8244501
	-6.8069548	61.8243827
	-6.8068585	61.8243542
	-6.8067775	61.8243196
	-6.8066436	61.8242935
	-6.8065183	61.8242608
	-6.8063137	61.8241844
	-6.8062004	61.8241587
	-6.8061335	61.8241496
	-6.806066	61.8241503
	-6.8060098	61.8241786
	-6.8059901	61.8242258
	-6.8060316	61.8242738
	-6.8061872	61.8243917
	-6.8062931	61.8244649
	-6.80636	61.8245031
	-6.8064098	61.8245538
	-6.8063971	61.8245717
	-6.8063623	61.8245707
	-6.8062541	61.8245163
	-6.8061888	61.8245045
	-6.8060899	61.8244645
	-6.8060845	61.8244259
	-6.8060518	61.8243994
	-6.8059942	61.8243844
	-6.805907	61.824377
	-6.8058487	61.824355
	-6.805802	61.824326
	-6.8057856	61.824287
	-6.8057085	61.8242741
	-6.805644	61.8242921
	-6.8056005	61.8243233
	-6.8055526	61.8243614
	-6.8055452	61.8244157
	-6.8055652	61.8244427
	-6.8056411	61.8244882
	-6.8057374	61.8245653
	-6.8058162	61.8246701
	-6.8058688	61.8247762
	-6.805877	61.8248443
	-6.8058668	61.8248929
	-6.805823	61.8249255
	-6.805752	61.824948
	-6.8056513	61.8250125
	-6.8056275	61.8252434
	-6.8057073	61.8253917
	-6.8057501	61.8254345
	-6.8057676	61.8255217
	-6.8057259	61.8256186
	-6.8057235	61.8256483
	-6.8057501	61.8256711
	-6.8058948	61.8256657
	-6.8058732	61.8256873
	-6.8057317	61.8257371
	-6.8056803	61.8257849
	-6.8056503	61.8258394
	-6.8056816	61.8258574
	-6.8057616	61.8258652
	-6.8056981	61.8259012
	-6.8057118	61.825931
	-6.8057425	61.8259611
	-6.8058529	61.8259898
	-6.8058567	61.8260456
	-6.8059176	61.8260647
	-6.8059329	61.8261199
	-6.8060116	61.8261486
	-6.8060471	61.8261558
	-6.8061916	61.8262338
	-6.8062247	61.8262505
	-6.8063605	61.8262529
	-6.8063948	61.8262721
	-6.806457	61.8262786
	-6.8068698	61.8265744
	-6.8070429	61.8267863
	-6.8070369	61.8274393
	-6.8068719	61.8281924
	-6.8064121	61.8289254
	-6.8059724	61.8296721
	-6.8046491	61.8306639
	-6.8049937	61.8307672
	-6.8052209	61.8305979
	-6.8053534	61.8305855
	-6.8059592	61.8301607
	-6.8064638	61.8297473
	-6.8066727	61.8297814
	-6.8066431	61.829833
	-6.8066802	61.8298385
	-6.8074349	61.8287612
	-6.8076193	61.828797
	-6.8076595	61.8287559
	-6.8074714	61.828711
	-6.8075064	61.8283213
	-6.8075717	61.828218
	-6.8076842	61.8281132
	-6.8080507	61.8282926
	-6.8082184	61.8281858
	-6.8078476	61.8279711
	-6.8082286	61.8273583
	-6.8094914	61.826742
	-6.810966	61.8274948
	-6.80883	61.8284659
	-6.8086269	61.828394
	-6.8085591	61.8285477
	-6.8086502	61.8285796
	-6.8087596	61.8285499
	-6.8094292	61.8289017
	-6.8098135	61.8291035
	-6.8090936	61.8294031
	-6.8081138	61.8288898
	-6.8083855	61.8287157
	-6.8083064	61.8286934
	-6.8079738	61.8288897
	-6.8082353	61.8290297
	-6.8081856	61.8290893
	-6.8081979	61.8291145
	-6.8082664	61.8291887
	-6.8082991	61.8292049
	-6.8083053	61.8292372
	-6.8083917	61.8292604
	-6.8083994	61.8292985
	-6.8087415	61.8295805
	-6.8093614	61.8306952
	-6.8101934	61.8312442
	-6.8100232	61.8316147
	-6.8102691	61.8317709
	-6.8099052	61.8318984
	-6.8100421	61.8322395
	-6.810808	61.8329938
	-6.810288	61.8329983
	-6.810288	61.8336856
	-6.8107796	61.8343238
	-6.8108617	61.834491
	-6.8107691	61.8346112
	-6.8106043	61.8347338
	-6.8104673	61.8348225
	-6.810359	61.8349193
	-6.8102915	61.8349547
	-6.8102581	61.8349796
	-6.809935	61.8352206
	-6.8097143	61.8353698
	-6.8088243	61.8358383
	-6.8080499	61.8361863
	-6.8070538	61.8365462
	-6.8062016	61.8368433
	-6.8054665	61.8370479
	-6.8047756	61.8372611
	-6.8041673	61.8374221
	-6.803734	61.8375068
	-6.8034214	61.8375393
	-6.803237	61.8375328
	-6.8028171	61.837436
	-6.8022099	61.8374041
	-6.8015963	61.8372381
	-6.8011138	61.8371467
	-6.8009001	61.8370598
	-6.8007005	61.8370046
	-6.8004223	61.8369711
	-6.8002947	61.8369147
	-6.8001053	61.8368333
	-6.7998469	61.8367767
	-6.7995026	61.8366693
	-6.798973	61.836452
	-6.7979954	61.8362588
	-6.797292	61.8360941
	-6.7968696	61.8359842
	-6.7963335	61.8358259
	-6.7958944	61.8357351
	-6.795303	61.8356466
	-6.7943585	61.8355181
	-6.7938816	61.8355007
	-6.7937113	61.8354572
	-6.7935193	61.8353583
	-6.7933977	61.8353379
	-6.7931778	61.8353314
	-6.792734	61.8352157
	-6.7903321	61.8345357
	-6.7888154	61.8340745
	-6.7873169	61.8336128
	-6.7872508	61.8335925
	-6.7867541	61.8334727
	-6.7865066	61.8334199
	-6.7863443	61.8333554
	-6.7861329	61.8332744
	-6.7858529	61.8332049
	-6.7857836	61.8332061
	-6.7857338	61.83323
	-6.7856546	61.8332612
	-6.7855558	61.83326
	-6.7854288	61.8332192
	-6.7844534	61.8330249
	-6.7827524	61.8324886
	-6.7815717	61.8320013
	-6.780932	61.8317346
	-6.7805714	61.8316335
	-6.7802778	61.8315649
	-6.7800426	61.8315373
	-6.7798444	61.8315534
	-6.7796931	61.8315334
	-6.7796129	61.831483
	-6.7796009	61.8314381
	-6.7795621	61.8313934
	-6.7794451	61.8313658
	-6.7791433	61.8313172
	-6.7784905	61.8311323
	-6.7779622	61.8309831
	-6.7778849	61.8309829
	-6.7777701	61.8310156
	-6.7775559	61.8310822
	-6.7777653	61.8309679
	-6.777774	61.8309452
	-6.7777388	61.8309209
	-6.7773549	61.83086
	-6.7772156	61.8308636
	-6.7770698	61.8309035
	-6.7765455	61.8311147
	-6.7764257	61.8311156
	-6.776319	61.8310792
	-6.7762803	61.83104
	-6.7763154	61.8310123
	-6.7768375	61.8308753
	-6.7769458	61.8308226
	-6.7769943	61.8307712
	-6.7769867	61.8306835
	-6.7768661	61.8306159
	-6.7759817	61.830219
	-6.7757893	61.8300873
	-6.7757201	61.8300096
	-6.7756524	61.8299217
	-6.7755786	61.8298557
	-6.7754852	61.8298145
	-6.7751493	61.8297773
	-6.7743377	61.8296365
	-6.774126	61.8296182
	-6.7740608	61.8296381
	-6.7740315	61.8296896
	-6.7739627	61.8296979
	-6.7738748	61.8296745
	-6.7738259	61.8296045
	-6.7737308	61.8295621
	-6.7735458	61.829517
	-6.7732145	61.8294028
	-6.7728057	61.8292058
	-6.7722742	61.8288573
	-6.7717192	61.8285887
	-6.7713612	61.8284891
	-6.7706037	61.82837
	-6.7704128	61.8283191
	-6.7702035	61.8282367
	-6.7699863	61.8280823
	-6.7698936	61.8280034
	-6.7697394	61.8277127
	-6.7697732	61.8275793
	-6.7697649	61.8275109
	-6.7697079	61.8274732
	-6.7695643	61.8274513
	-6.7692165	61.8274449
	-6.7691741	61.8271989
	-6.7691041	61.8271153
	-6.7689898	61.8270572
	-6.76872	61.8270026
	-6.7685708	61.8269337
	-6.76853	61.8268551
	-6.7685948	61.8267662
	-6.7686934	61.826623
	-6.7686792	61.826575
	-6.7684341	61.8263212
	-6.768432	61.8262429
	-6.768579	61.8260003
	-6.768565	61.8259694
	-6.7684789	61.8259615
	-6.768029	61.8260224
	-6.7676021	61.8260917
	-6.7675479	61.826066
	-6.7675437	61.8260081
	-6.7679916	61.8257581
	-6.768029	61.8257128
	-6.7680194	61.8256624
	-6.7679473	61.82563
	-6.7677822	61.8255477
	-6.7676613	61.8253784
	-6.7675839	61.8249178
	-6.7675184	61.8248765
	-6.7673843	61.8248645
	-6.7672358	61.8248902
	-6.7670642	61.8249184
	-6.7668929	61.8249712
	-6.7670984	61.8247902
	-6.7673201	61.8246731
	-6.7674168	61.8246016
	-6.7674318	61.8245078
	-6.7673634	61.8244476
	-6.7669904	61.824344
	-6.7669161	61.8243031
	-6.7670841	61.8241673
	-6.7670965	61.8240647
	-6.7669772	61.8239986
	-6.7668217	61.8239816
	-6.7666251	61.8240388
	-6.7661646	61.8243267
	-6.7660964	61.8243501
	-6.7660166	61.8243475
	-6.7659562	61.8243236
	-6.7659366	61.8242769
	-6.766404	61.8238418
	-6.7664956	61.8237134
	-6.7665169	61.8236065
	-6.7664901	61.823515
	-6.766499	61.8233711
	-6.7664244	61.8231986
	-6.7662829	61.8231404
	-6.7660539	61.8231296
	-6.7658752	61.8231256
	-6.7657751	61.8231006
	-6.765665	61.8230314
	-6.7654148	61.8226137
	-6.7651554	61.8223227
	-6.7647274	61.8221635
	-6.7646356	61.8221149
	-6.7646351	61.8220826
	-6.7647037	61.8220674
	-6.7648637	61.8220803
	-6.7649985	61.8220597
	-6.7650634	61.8220179
	-6.765351	61.8217369
	-6.7653689	61.8216754
	-6.7653083	61.8216267
	-6.7648993	61.8216152
	-6.764412	61.8216534
	-6.7642747	61.8216984
	-6.764157	61.8217724
	-6.7640825	61.8218874
	-6.7639847	61.8219143
	-6.7638007	61.8219185
	-6.7636912	61.821849
	-6.7635038	61.8217259
	-6.7634627	61.821657
	-6.7634483	61.8214594
	-6.7630503	61.8201124
	-6.762964	61.8198505
	-6.7628831	61.8197606
	-6.7627285	61.8196777
	-6.7626478	61.8195983
	-6.7625673	61.8194722
	-6.7624049	61.8187111
	-6.7623421	61.8184413
	-6.7622703	61.8183341
	-6.7621391	61.818201
	-6.7619401	61.8181004
	-6.7618327	61.8180143
	-6.7617627	61.8178867
	-6.7615813	61.817563
	-6.7614812	61.8173729
	-6.7613463	61.8172622
	-6.7610231	61.8171159
	-6.7607915	61.8169549
	-6.7605057	61.8166956
	-6.7601906	61.816225
	-6.760018	61.8160842
	-6.759859	61.8159488
	-6.7597518	61.8157819
	-6.7598063	61.8157094
	-6.7598591	61.8156341
	-6.759842	61.8155577
	-6.7597338	61.8155031
	-6.7595189	61.8154943
	-6.7592502	61.8154778
	-6.7591078	61.8154404
	-6.7589861	61.815285
	-6.758738	61.815315
	-6.7586975	61.8152656
	-6.7587402	61.8152278
	-6.7589792	61.8150362
	-6.7591006	61.8148248
	-6.7590561	61.8147881
	-6.7588747	61.8148091
	-6.7588126	61.8147769
	-6.7588429	61.8147275
	-6.7589873	61.8146295
	-6.7589868	61.8145902
	-6.7585653	61.8144016
	-6.7584311	61.8143459
	-6.7584044	61.8142887
	-6.7583958	61.8142038
	-6.7584662	61.8141711
	-6.7585599	61.8141403
	-6.7586081	61.8140973
	-6.7585824	61.814018
	-6.7584951	61.8139595
	-6.7583703	61.8138981
	-6.7583093	61.8138322
	-6.7582739	61.8137225
	-6.7582702	61.8135898
	-6.7582346	61.8135547
	-6.7580284	61.8135223
	-6.7581387	61.8134575
	-6.7581751	61.8133894
	-6.7581544	61.8133212
	-6.7580915	61.8132779
	-6.7579027	61.8132483
	-6.7578497	61.8132187
	-6.7578334	61.8131644
	-6.7578047	61.8131329
	-6.7576803	61.8130855
	-6.7576373	61.8130394
	-6.7576573	61.8129847
	-6.7579399	61.8127001
	-6.7580631	61.8126393
	-6.7581545	61.8125787
	-6.758188	61.8125318
	-6.7581431	61.812491
	-6.7580361	61.8125048
	-6.7579708	61.8125386
	-6.7579246	61.8125528
	-6.7578706	61.8125349
	-6.7578771	61.8125082
	-6.7580169	61.8124139
	-6.758068	61.8122922
	-6.7580226	61.812184
	-6.7574804	61.8119452
	-6.7573716	61.8118837
	-6.75737	61.811845
	-6.7574447	61.8117953
	-6.7577171	61.8116599
	-6.7577629	61.8116174
	-6.7577299	61.8114307
	-6.7575928	61.8113047
	-6.7572387	61.8111616
	-6.7571685	61.811166
	-6.7570881	61.8111916
	-6.7570358	61.811183
	-6.7570152	61.8111477
	-6.7570389	61.8111199
	-6.757117	61.8110683
	-6.7573573	61.8108107
	-6.7573477	61.8107182
	-6.7570489	61.8104649
	-6.7568827	61.8103116
	-6.7568893	61.8102508
	-6.7569367	61.8101913
	-6.7569208	61.810127
	-6.7568633	61.8099781
	-6.7568859	61.8098874
	-6.7568427	61.8098244
	-6.7567787	61.8097854
	-6.7567451	61.80973
	-6.756729	61.8096097
	-6.7566842	61.8095614
	-6.7566442	61.8095246
	-6.7566462	61.8094764
	-6.7566273	61.8094336
	-6.7564615	61.8092735
	-6.7563189	61.8091595
	-6.7561285	61.8089686
	-6.7560907	61.8088784
	-6.7560958	61.808817
	-6.7560661	61.8087536
	-6.7560173	61.8087238
	-6.7558503	61.8087073
	-6.7555716	61.8086581
	-6.7553448	61.8085878
	-6.7551545	61.8084501
	-6.7550584	61.8082916
	-6.7550129	61.8082546
	-6.7547861	61.8081889
	-6.7547128	61.8081662
	-6.7546607	61.8081262
	-6.7546513	61.8080802
	-6.7546894	61.8080388
	-6.7547782	61.8080088
	-6.7550275	61.8079602
	-6.7551633	61.8079177
	-6.7552397	61.8078402
	-6.7552353	61.8077163
	-6.7551689	61.8076199
	-6.7550993	61.807502
	-6.7550725	61.8073497
	-6.7551281	61.8070539
	-6.7552138	61.8069827
	-6.755304	61.8069448
	-6.7553742	61.8069086
	-6.7554127	61.8068508
	-6.7554662	61.8066742
	-6.7554799	61.8064155
	-6.7554286	61.806279
	-6.7553797	61.8062281
	-6.7552201	61.8061748
	-6.7549244	61.8061423
	-6.7547533	61.8061555
	-6.7546761	61.8061572
	-6.7546427	61.8061467
	-6.7546466	61.8061272
	-6.7547433	61.8060576
	-6.7549475	61.805918
	-6.7550373	61.8058216
	-6.7550347	61.8057643
	-6.7548942	61.8055955
	-6.7548203	61.805492
	-6.7547598	61.8054749
	-6.7546669	61.805503
	-6.7545848	61.8055574
	-6.754513	61.8055658
	-6.7544699	61.8055457
	-6.7545427	61.8054773
	-6.7546488	61.8053532
	-6.7547028	61.8052844
	-6.7547027	61.8052162
	-6.7545797	61.8051766
	-6.7545033	61.8051143
	-6.7543159	61.8049465
	-6.7542688	61.8048669
	-6.7541969	61.8048552
	-6.7541289	61.8048077
	-6.7541259	61.8047245
	-6.7541491	61.8046189
	-6.7541622	61.8045318
	-6.7540415	61.8045741
	-6.7539543	61.8045923
	-6.7538845	61.8045523
	-6.7538547	61.8044207
	-6.7538005	61.8043957
	-6.7533605	61.8044169
	-6.7532215	61.8043585
	-6.7531936	61.8042793
	-6.7532307	61.8041856
	-6.7534103	61.8040822
	-6.7535066	61.804002
	-6.7536049	61.8039183
	-6.7536067	61.8038646
	-6.7535336	61.8038406
	-6.7534332	61.8038461
	-6.753338	61.8038418
	-6.7532703	61.8038125
	-6.7533883	61.8037188
	-6.7534701	61.8035548
	-6.7536117	61.8033258
	-6.7536282	61.803183
	-6.7535534	61.8031212
	-6.7534088	61.8031056
	-6.7532256	61.803154
	-6.7533266	61.8030287
	-6.7536022	61.8027966
	-6.7536898	61.802694
	-6.7537046	61.8025735
	-6.7537071	61.8024285
	-6.7537356	61.8023206
	-6.7539752	61.8021323
	-6.75409	61.8019421
	-6.7542109	61.8015504
	-6.7543005	61.8012494
	-6.7543194	61.801132
	-6.7542204	61.801101
	-6.7540524	61.8011259
	-6.7539123	61.801143
	-6.7538686	61.8011056
	-6.7542168	61.800965
	-6.7544442	61.800913
	-6.7545973	61.8008642
	-6.7546727	61.8007989
	-6.7546741	61.8007278
	-6.7545283	61.800316
	-6.7542417	61.7997681
	-6.7540759	61.7995345
	-6.7538959	61.799355
	-6.7537784	61.7992806
	-6.7536749	61.7992756
	-6.7535575	61.7993606
	-6.7534016	61.7990842
	-6.7533245	61.7988788
	-6.7533462	61.7986506
	-6.7533696	61.7984616
	-6.7533519	61.798336
	-6.7533393	61.7982466
	-6.7532296	61.7980563
	-6.7531544	61.7979535
	-6.7530947	61.797901
	-6.7530045	61.7979024
	-6.7528963	61.7979406
	-6.7527981	61.7979786
	-6.7528107	61.7978565
	-6.7528582	61.797804
	-6.7530517	61.797701
	-6.7531247	61.7976412
	-6.7533673	61.7974842
	-6.7533709	61.7974382
	-6.7533362	61.7974162
	-6.7532534	61.7974259
	-6.7531197	61.7974759
	-6.7530596	61.797533
	-6.7530291	61.7975925
	-6.7529925	61.7976262
	-6.7529422	61.7976292
	-6.7528777	61.7975432
	-6.7528495	61.7974382
	-6.75282	61.7972319
	-6.7528347	61.7971551
	-6.7529518	61.7970632
	-6.7530932	61.796975
	-6.7531195	61.7969391
	-6.7531006	61.7968975
	-6.7530408	61.7968782
	-6.7529378	61.7968579
	-6.752864	61.7968311
	-6.7527651	61.7967537
	-6.7527209	61.7967187
	-6.752644	61.7966976
	-6.7525788	61.7966776
	-6.752534	61.7966308
	-6.7525785	61.7965754
	-6.752682	61.7964669
	-6.7527895	61.7963791
	-6.7528565	61.7962289
	-6.7528366	61.796091
	-6.7526957	61.795974
	-6.7525428	61.7959076
	-6.7525312	61.7958683
	-6.7526206	61.7958047
	-6.752651	61.795717
	-6.7524815	61.7955023
	-6.7522784	61.7954171
	-6.7521638	61.7954113
	-6.7517785	61.7954883
	-6.7517083	61.7954705
	-6.7517216	61.7954384
	-6.7520005	61.7952729
	-6.7520299	61.795225
	-6.7519994	61.7951841
	-6.752034	61.7951249
	-6.7519887	61.7950317
	-6.7517911	61.794942
	-6.7515134	61.7948574
	-6.7512441	61.7947572
	-6.7510164	61.7947378
	-6.7509378	61.7947115
	-6.7509143	61.7946713
	-6.750852	61.7946442
	-6.750495	61.7946195
	-6.7507475	61.7945642
	-6.7508675	61.7945186
	-6.7508756	61.7944668
	-6.750268	61.7942195
	-6.7499817	61.7940335
	-6.7495375	61.7936766
	-6.7494336	61.7936019
	-6.7492669	61.7934818
	-6.7491541	61.7934414
	-6.7490094	61.7934096
	-6.7488343	61.7933213
	-6.7485796	61.7931722
	-6.7484584	61.7930784
	-6.748417	61.7929447
	-6.7483727	61.7929114
	-6.7483021	61.7928989
	-6.7480889	61.7928799
	-6.7480362	61.792864
	-6.7479767	61.7928347
	-6.7478922	61.7927727
	-6.74782	61.7927501
	-6.7477376	61.7927555
	-6.7476442	61.7927995
	-6.7476215	61.792849
	-6.7475946	61.7929113
	-6.747558	61.7928825
	-6.7475079	61.7928012
	-6.7474741	61.7927334
	-6.7474202	61.7926938
	-6.7473547	61.7926621
	-6.74734	61.7926334
	-6.7473711	61.7926131
	-6.7474317	61.7926171
	-6.7476143	61.7926914
	-6.7476756	61.7927014
	-6.7477416	61.792694
	-6.7477704	61.792666
	-6.7476799	61.7926258
	-6.7476743	61.792604
	-6.7477167	61.7925921
	-6.7477274	61.7925724
	-6.747671	61.7925512
	-6.7475811	61.7925045
	-6.747581	61.7924563
	-6.7476327	61.792445
	-6.7476968	61.7924323
	-6.7477661	61.7923643
	-6.7477172	61.7923097
	-6.7475053	61.7922691
	-6.7473339	61.7922525
	-6.7471248	61.7922043
	-6.747017	61.7921338
	-6.7469506	61.792044
	-6.7467904	61.7918961
	-6.7462906	61.7916068
	-6.7455648	61.7913631
	-6.7454037	61.791302
	-6.7452148	61.7911953
	-6.7434267	61.7905288
	-6.7419077	61.7890759
	-6.7414334	61.7883402
	-6.7409821	61.7877977
	-6.7403306	61.7870144
	-6.7395103	61.7872079
	-6.7394083	61.7870856
	-6.7400784	61.7868489
	-6.7379484	61.7850029
	-6.7378962	61.7847156
	-6.7375741	61.7846652
	-6.7371804	61.7842837
	-6.7367187	61.7842286
	-6.736777	61.7837725
	-6.7359742	61.783261
	-6.7353725	61.7825459
	-6.7343351	61.7817958
	-6.7336018	61.7818684
	-6.7333102	61.7818615
	-6.7332616	61.7817374
	-6.7334949	61.7816846
	-6.7336261	61.7815053
	-6.7335044	61.7813133
	-6.7330672	61.7812272
	-6.7332434	61.7810328
	-6.7326619	61.7801126
	-6.731179	61.7795389
	-6.7303713	61.7794716
	-6.7290879	61.7789509
	-6.7287234	61.7785307
	-6.7274323	61.778168
	-6.7275561	61.777777
	-6.7267774	61.7776805
	-6.7265134	61.7774533
	-6.7266662	61.7771983
	-6.7248656	61.7758432
	-6.7238665	61.7754622
	-6.7234413	61.7749581
	-6.7226428	61.7746643
	-6.7219991	61.7738631
	-6.7207888	61.7732437
	-6.7205663	61.7724545
	-6.7207282	61.7716905
	-6.7203645	61.7717096
	-6.7185331	61.7722209
	-6.718502	61.7720683
	-6.7196945	61.7714832
	-6.7193239	61.7709774
	-6.7180298	61.7702418
	-6.7177914	61.7701853
	-6.7175243	61.7702516
	-6.717607	61.7704792
	-6.7176847	61.7707711
	-6.7181076	61.7710516
	-6.7173542	61.771339
	-6.7167953	61.770978
	-6.7160468	61.7708539
	-6.714813	61.7705221
	-6.7145449	61.7702079
	-6.7143027	61.770118
	-6.7139763	61.7701297
	-6.7137213	61.7702078
	-6.7134009	61.7706119
	-6.7127602	61.7707747
	-6.7120245	61.7707859
	-6.7115973	61.7706456
	-6.7112888	61.7704042
	-6.7095403	61.7700805
	-6.7053078	61.768533
	-6.7047409	61.768151
	-6.7039883	61.7676439
	-6.7029351	61.7667319
	-6.7030978	61.7642643
	-6.7030236	61.7624046
	-6.7033424	61.7619764
	-6.7025829	61.7619511
	-6.701866	61.7617413
	-6.7012706	61.7614883
	-6.701143	61.7612066
	-6.700084	61.7606545
	-6.6994115	61.760807
	-6.6988949	61.7607268
	-6.6965513	61.7599127
	-6.6954537	61.759253
	-6.6937294	61.7586352
	-6.6925643	61.7583695
	-6.6918333	61.7574127
	-6.6914631	61.7571656
	-6.6901911	61.7570713
	-6.6900107	61.7569006
	-6.6903034	61.7565155
	-6.6898644	61.7554373
	-6.6890219	61.7545837
	-6.6889269	61.7541064
	-6.688298	61.75382
	-6.687859	61.7537582
	-6.6874091	61.7538082
	-6.6872301	61.7541963
	-6.6867317	61.7544827
	-6.6856994	61.7544995
	-6.6849637	61.7542524
	-6.6849755	61.7537021
	-6.6841986	61.7534644
	-6.6800155	61.7534438
	-6.6766048	61.7529066
	-6.6757051	61.753817
	-6.6759128	61.7540135
	-6.6757196	61.7543508
	-6.6748893	61.7544628
	-6.6734654	61.7562457
	-6.6727979	61.7563019
	-6.6733022	61.756709
	-6.6721707	61.7582641
	-6.6696492	61.7592447
	-6.6674649	61.7597088
	-6.6644272	61.7596863
	-6.6634898	61.7600176
	-6.6627214	61.7604465
	-6.6630194	61.7625501
	-6.6631928	61.7637744
	-6.6624825	61.7642216
	-6.6597955	61.7643111
	-6.6613257	61.7683229
	-6.6616038	61.7690522
	-6.6619289	61.7694087
	-6.6619142	61.7700005
	-6.6625447	61.7709225
	-6.6624158	61.771079
	-6.6626152	61.7718649
	-6.6628677	61.7723469
	-6.6626354	61.7725319
	-6.6628577	61.7725922
	-6.6639392	61.7723503
	-6.664599	61.7732642
	-6.6634137	61.7733276
	-6.6632021	61.7735312
	-6.6639834	61.7739332
	-6.6638511	61.7741017
	-6.6631633	61.7742836
	-6.663419	61.7759769
	-6.6645684	61.7763549
	-6.6649118	61.7763742
	-6.6653401	61.7767876
	-6.6650292	61.7769486
	-6.6649212	61.7773454
	-6.6653571	61.7776683
	-6.6667675	61.7783856
	-6.6681672	61.7786312
	-6.6680724	61.7788489
	-6.668357	61.7791787
	-6.6685313	61.7793807
	-6.668673	61.779545
	-6.668691	61.7802474
	-6.6693819	61.7807897
	-6.6706437	61.7812771
	-6.6716398	61.781662
	-6.6720186	61.7819077
	-6.6722113	61.782096
	-6.6722851	61.7821361
	-6.6723398	61.7821659
	-6.6724973	61.7821963
	-6.6728089	61.7823527
	-6.67338	61.7826417
	-6.6735446	61.7826672
	-6.6737052	61.78281
	-6.6738948	61.7829391
	-6.674094	61.7831031
	-6.674241	61.7832747
	-6.674351	61.7833673
	-6.6744185	61.7834677
	-6.6744538	61.7835695
	-6.6744409	61.7836362
	-6.6744196	61.7836715
	-6.6743574	61.7837745
	-6.6742501	61.7839083
	-6.6741242	61.7840287
	-6.6739063	61.7842466
	-6.6737895	61.7843321
	-6.673641	61.7844079
	-6.6734161	61.7844931
	-6.6731809	61.7845444
	-6.6728914	61.7845677
	-6.6726096	61.7845689
	-6.6722219	61.784546
	-6.6719406	61.7845157
	-6.6717637	61.7844933
	-6.6716387	61.7844812
	-6.6715771	61.7844572
	-6.6714504	61.7844821
	-6.6711873	61.7844611
	-6.6711017	61.7844681
	-6.6710441	61.7845
	-6.6710049	61.7844962
	-6.6709428	61.7844709
	-6.6708218	61.7844509
	-6.6706421	61.7844142
	-6.6706064	61.7844166
	-6.6705835	61.784437
	-6.6705363	61.7844454
	-6.6705209	61.7844752
	-6.6704627	61.7844782
	-6.6704616	61.7844991
	-6.6702963	61.7845777
	-6.6702468	61.7846151
	-6.6701542	61.7846415
	-6.6700458	61.7846519
	-6.6699384	61.7846484
	-6.6698636	61.7846345
	-6.6697836	61.7845842
	-6.6696959	61.7845583
	-6.6696153	61.7845136
	-6.6695113	61.7845166
	-6.6694372	61.784507
	-6.6692742	61.7844736
	-6.6691967	61.7844863
	-6.6691185	61.7845201
	-6.6690788	61.7845491
	-6.6690572	61.7845526
	-6.6690296	61.7845437
	-6.6690208	61.7845109
	-6.6689966	61.7845064
	-6.6689431	61.7845267
	-6.6689189	61.7845526
	-6.6689017	61.7845577
	-6.6687601	61.7845553
	-6.6687188	61.7845156
	-6.6686871	61.7844631
	-6.6686771	61.7844275
	-6.6686429	61.784422
	-6.6685884	61.7844275
	-6.668565	61.7844363
	-6.6685685	61.7844556
	-6.6685594	61.7844806
	-6.6685743	61.784483
	-6.6686178	61.7844881
	-6.6686339	61.784508
	-6.6686658	61.7845811
	-6.6686102	61.7846144
	-6.6686068	61.7846307
	-6.6686184	61.7846472
	-6.6686555	61.7846648
	-6.6687124	61.7846915
	-6.6686969	61.7846956
	-6.6686357	61.784675
	-6.6685309	61.7846307
	-6.6684634	61.7846347
	-6.6683037	61.7846735
	-6.6681755	61.7847007
	-6.6680612	61.7846938
	-6.6679902	61.7847206
	-6.6680078	61.7848102
	-6.66797	61.7848405
	-6.6679832	61.7848918
	-6.6680342	61.7850038
	-6.6678828	61.7850676
	-6.6677562	61.7850769
	-6.6676158	61.7850446
	-6.6666052	61.7854003
	-6.6663822	61.7856376
	-6.66604	61.7858536
	-6.665798	61.7859655
	-6.6656594	61.786146
	-6.6656092	61.7862144
	-6.6656056	61.7863108
	-6.6655453	61.7864318
	-6.6654007	61.7865746
	-6.6652875	61.7866445
	-6.6651709	61.7866943
	-6.6650825	61.7867533
	-6.6650619	61.7868344
	-6.6650588	61.7868886
	-6.6650176	61.7869256
	-6.6645502	61.787125
	-6.6643989	61.7872419
	-6.6643331	61.7873358
	-6.6642077	61.7874388
	-6.6636902	61.7876258
	-6.6624155	61.7879202
	-6.6620973	61.7879473
	-6.6615589	61.788071
	-6.6604447	61.7884088
	-6.6600047	61.7886105
	-6.6598674	61.7886457
	-6.6594656	61.7887074
	-6.6588017	61.7887428
	-6.6586863	61.7887728
	-6.6583744	61.7889618
	-6.6581888	61.7890519
	-6.6580276	61.7890801
	-6.6577552	61.7890769
	-6.657485	61.7891292
	-6.6572824	61.7892263
	-6.6571888	61.7893379
	-6.6572626	61.7897885
	-6.6570657	61.7900919
	-6.656801	61.7902765
	-6.65606	61.7906598
	-6.6559689	61.7907576
	-6.6559312	61.7909646
	-6.6559869	61.79103
	-6.6560235	61.7911013
	-6.6560128	61.7911994
	-6.6559042	61.7912979
	-6.6557789	61.7913949
	-6.6557097	61.7914959
	-6.6556663	61.791687
	-6.6556396	61.7918543
	-6.6553044	61.792368
	-6.6550966	61.792515
	-6.6548306	61.7927478
	-6.6547925	61.7927985
	-6.6548099	61.7928594
	-6.6551964	61.7931783
	-6.6553689	61.7933635
	-6.6556536	61.7937611
	-6.6558063	61.7938894
	-6.655964	61.7939988
	-6.6561333	61.7941086
	-6.6562629	61.7942303
	-6.6564279	61.7943851
	-6.6568532	61.7946873
	-6.6570712	61.7949311
	-6.6572874	61.7951792
	-6.6574171	61.7954273
	-6.6574781	61.7956353
	-6.6574782	61.7958611
	-6.6571227	61.7966552
	-6.6569767	61.7969014
	-6.6568342	61.7970151
	-6.6563662	61.7974115
	-6.6562315	61.7975697
	-6.6562092	61.7976344
	-6.6563868	61.7978278
	-6.6564534	61.7979484
	-6.6565898	61.7982098
	-6.6567324	61.798367
	-6.6568691	61.7984077
	-6.6570406	61.7986532
	-6.6568713	61.7987465
	-6.6568671	61.7988067
	-6.6569089	61.7989203
	-6.6569901	61.799021
	-6.6571983	61.7991254
	-6.6575377	61.7993967
	-6.6577453	61.7996889
	-6.657781	61.7998853
	-6.6578438	61.7999853
	-6.6579831	61.8000375
	-6.658087	61.8000864
	-6.6581091	61.8001685
	-6.6581577	61.8011151
	-6.6583468	61.8017992
	-6.6587436	61.8027703
	-6.6592739	61.8038139
	-6.6594131	61.8039654
	-6.6595888	61.8040723
	-6.6598065	61.8041973
	-6.6599257	61.8043179
	-6.6600195	61.8047103
	-6.65994	61.8048311
	-6.6598737	61.8050321
	-6.6599374	61.805164
	-6.6601165	61.8053081
	-6.6617196	61.8060978
	-6.6618851	61.8061453
	-6.6621096	61.8061558
	-6.6630406	61.8061082
	-6.6636128	61.8061888
	-6.6640094	61.8061699
	-6.664652	61.8060774
	-6.6652762	61.8062437
	-6.6656361	61.8064844
	-6.6657846	61.8064365
	-6.6654127	61.8061741
	-6.665502	61.8061449
	-6.6655633	61.8061793
	-6.6657638	61.8061249
	-6.6657482	61.8061066
	-6.6659182	61.8060635
	-6.6660121	61.8061539
	-6.6661181	61.8061304
	-6.6660438	61.806044
	-6.666732	61.8058487
	-6.6668896	61.8058345
	-6.6670121	61.805915
	-6.6671087	61.8058482
	-6.6671817	61.8058797
	-6.6670712	61.8059594
	-6.667185	61.806047
	-6.6664257	61.8062614
	-6.6661848	61.8062342
	-6.6661548	61.8062089
	-6.6660346	61.8062365
	-6.665997	61.8062831
	-6.6663936	61.8063284
	-6.6678067	61.8059606
	-6.6678083	61.805924
	-6.6678104	61.8058701
	-6.6677039	61.8057694
	-6.6678969	61.8057716
	-6.6680477	61.8057979
	-6.6681828	61.8058349
	-6.6682923	61.8058405
	-6.6684326	61.8058256
	-6.6692841	61.8057791
	-6.6698991	61.8057212
	-6.6700264	61.8057216
	-6.670256	61.8057369
	-6.6704757	61.8057784
	-6.6708188	61.8058728
	-6.6708423	61.8058741
	-6.6711475	61.806029
	-6.6715495	61.8062813
	-6.6716265	61.8063194
	-6.6716981	61.8063254
	-6.6717834	61.8063076
	-6.6718665	61.8062861
	-6.6727112	61.8067769
	-6.6730858	61.807094
	-6.6732191	61.8072479
	-6.6732869	61.8073828
	-6.6733613	61.80745
	-6.6734718	61.8075138
	-6.6737241	61.8076286
	-6.6737959	61.8076841
	-6.6738335	61.8077391
	-6.6738675	61.807822
	-6.6738981	61.8078738
	-6.6739681	61.8079368
	-6.6744772	61.8084518
	-6.6745975	61.8086037
	-6.6746462	61.8087476
	-6.6746406	61.808921
	-6.6746929	61.8090184
	-6.6747732	61.8090921
	-6.6748574	61.8091472
	-6.674925	61.8091992
	-6.6749434	61.8092404
	-6.67495	61.8092681
	-6.6749407	61.8092868
	-6.674925	61.8093018
	-6.6748833	61.809326
	-6.6747881	61.8093602
	-6.6747618	61.8094314
	-6.6747763	61.8094479
	-6.6748872	61.8094549
	-6.674953	61.8094851
	-6.6749664	61.8095355
	-6.6749611	61.8096007
	-6.6749155	61.8096678
	-6.6748284	61.8097067
	-6.6747264	61.8097234
	-6.6746631	61.8097492
	-6.6746162	61.8097858
	-6.6745548	61.8098136
	-6.6744934	61.8098414
	-6.6744399	61.8098556
	-6.6742666	61.8099018
	-6.6740577	61.8099392
	-6.6732059	61.8101836
	-6.6729076	61.8103664
	-6.6726508	61.8104308
	-6.6724373	61.8105582
	-6.6720735	61.8106649
	-6.6719778	61.8107703
	-6.6718825	61.81096
	-6.6716438	61.8111205
	-6.6704615	61.8115733
	-6.6668328	61.8132923
	-6.660551	61.8155643
	-6.6579333	61.8156239
	-6.6574697	61.8158428
	-6.6579796	61.8166419
	-6.6560346	61.8172122
	-6.656056	61.8174519
	-6.6513307	61.818664
	-6.6475045	61.8195673
	-6.6450171	61.8204552
	-6.6439047	61.8205318
	-6.6437349	61.8207367
	-6.6441386	61.8210124
	-6.6436497	61.8225127
	-6.6412667	61.8239104
	-6.6391021	61.8242667
	-6.638057	61.8247811
	-6.6376268	61.8255024
	-6.6378213	61.8256726
	-6.6376417	61.8261747
	-6.636544	61.8261818
	-6.6363252	61.8265009
	-6.6360518	61.8268845
	-6.6359759	61.8266156
	-6.6356417	61.8266084
	-6.6354671	61.8271068
	-6.634779	61.8272182
	-6.6342748	61.8280032
	-6.6337204	61.8281036
	-6.633766	61.8283761
	-6.6342596	61.8284227
	-6.6342292	61.8285948
	-6.6338043	61.8286912
	-6.6351253	61.829821
	-6.6360822	61.8297672
	-6.6362797	61.8300002
	-6.6357936	61.8301149
	-6.6359379	61.8305021
	-6.6356797	61.830581
	-6.6351937	61.8301938
	-6.6334698	61.8306097
	-6.6337584	61.8310865
	-6.6345178	61.8312622
	-6.6347228	61.8316995
	-6.6354899	61.831929
	-6.6358392	61.8319146
	-6.6362037	61.831696
	-6.6359151	61.8313088
	-6.636629	61.8313124
	-6.6369859	61.831782
	-6.6372897	61.8318716
	-6.6372138	61.8322086
	-6.637715	61.8320509
	-6.6398487	61.8321041
	-6.6432778	61.8310309
	-6.6447848	61.8311486
	-6.6465766	61.8323193
	-6.6462799	61.8327002
	-6.6464991	61.8333403
	-6.6476564	61.8334396
	-6.6487837	61.8331651
	-6.6488549	61.8329074
	-6.6493076	61.8329151
	-6.6493295	61.8331875
	-6.6529076	61.8332047
	-6.6538636	61.8328119
	-6.6544867	61.8325557
	-6.654721	61.8323614
	-6.6552522	61.8324244
	-6.655379	61.8325079
	-6.6555512	61.8325612
	-6.6557669	61.8325832
	-6.655989	61.8325687
	-6.6565906	61.8324408
	-6.6569307	61.8323935
	-6.6570504	61.832387
	-6.6571093	61.8323555
	-6.6572063	61.8321574
	-6.6572195	61.8321048
	-6.6572672	61.8320746
	-6.6573631	61.8320504
	-6.6575171	61.8320237
	-6.6576303	61.8319291
	-6.6576986	61.8318555
	-6.6577325	61.8318431
	-6.6577654	61.8318421
	-6.6578306	61.8318918
	-6.65793	61.8319643
	-6.6584399	61.832223
	-6.6584967	61.8322427
	-6.6585969	61.8322617
	-6.6586626	61.8322691
	-6.658728	61.8322625
	-6.6588013	61.8322357
	-6.6588456	61.8321975
	-6.6588523	61.8321541
	-6.6588245	61.8321096
	-6.6583446	61.8318618
	-6.6579521	61.8316466
	-6.6579326	61.8316211
	-6.6579286	61.8316048
	-6.6579403	61.8315895
	-6.6580501	61.8315175
	-6.6580694	61.8315083
	-6.6580969	61.8315046
	-6.6581442	61.8315088
	-6.6582314	61.8315188
	-6.6583252	61.8315145
	-6.6583938	61.8314948
	-6.6590336	61.8311849
	-6.6590791	61.8311546
	-6.6591021	61.8311298
	-6.6591265	61.8310768
	-6.6591747	61.8310283
	-6.6592368	61.8310004
	-6.6593401	61.8309773
	-6.6594426	61.8309685
	-6.6597441	61.8309227
	-6.6598308	61.8309132
	-6.659908	61.8309144
	-6.6600658	61.8309315
	-6.6603773	61.8309853
	-6.6607163	61.8310721
	-6.6608558	61.8311219
	-6.6609414	61.8311566
	-6.6610276	61.8312116
	-6.6610998	61.8312895
	-6.661186	61.8313579
	-6.6611631	61.831384
	-6.6611068	61.8314393
	-6.661088	61.8314635
	-6.661084	61.8314815
	-6.6610968	61.831504
	-6.6606767	61.8315928
	-6.6605304	61.8318535
	-6.6605886	61.8318618
	-6.6607016	61.8316748
	-6.661606	61.8314941
	-6.6616474	61.8315321
	-6.661543	61.8315593
	-6.6616318	61.8316476
	-6.661435	61.8316911
	-6.6612121	61.8320633
	-6.6605354	61.8319618
	-6.6605518	61.8319302
	-6.6604858	61.83192
	-6.6604673	61.8319481
	-6.6600362	61.8318376
	-6.6599558	61.8318321
	-6.6598404	61.8318295
	-6.6596898	61.8318424
	-6.6595276	61.8318634
	-6.6594584	61.8318721
	-6.6594323	61.8318829
	-6.6594196	61.8318945
	-6.659417	61.8319063
	-6.6594232	61.8319238
	-6.6594448	61.8319332
	-6.6594743	61.8319389
	-6.6595069	61.8319386
	-6.6595392	61.8319309
	-6.6595623	61.8319308
	-6.6596612	61.8319387
	-6.6599428	61.8319822
	-6.6604774	61.8320787
	-6.660593	61.8321096
	-6.6606545	61.8321382
	-6.6608067	61.8322994
	-6.6608323	61.8323563
	-6.6608382	61.8324102
	-6.6608372	61.8324428
	-6.6608021	61.8324817
	-6.6607388	61.832499
	-6.6588328	61.8328275
	-6.6589013	61.8329145
	-6.6593435	61.8328315
	-6.6593307	61.8328163
	-6.6595636	61.8327739
	-6.6595474	61.8327535
	-6.660833	61.8325344
	-6.6609026	61.8325717
	-6.660979	61.8326107
	-6.6611013	61.8326392
	-6.6610152	61.8329012
	-6.6610382	61.8329919
	-6.6611829	61.8331235
	-6.6612524	61.8331987
	-6.6614226	61.8332828
	-6.6625532	61.8341815
	-6.663152	61.8344731
	-6.663652	61.8346645
	-6.6639632	61.8349006
	-6.6641184	61.8351919
	-6.6647375	61.8357583
	-6.6648446	61.8357745
	-6.6651214	61.8357661
	-6.6653932	61.8357098
	-6.6655565	61.8356901
	-6.6656488	61.835716
	-6.6656387	61.835794
	-6.6655638	61.8358988
	-6.665549	61.8360132
	-6.6658193	61.8363641
	-6.666035	61.8365276
	-6.6661871	61.8365707
	-6.6665354	61.8365951
	-6.6667078	61.836612
	-6.6667992	61.8366555
	-6.667113	61.8370615
	-6.6672343	61.8371028
	-6.6674071	61.8371158
	-6.6675285	61.8371928
	-6.6677558	61.8373562
	-6.6681211	61.8374877
	-6.66825	61.837585
	-6.6683087	61.8376955
	-6.6683627	61.837815
	-6.6686585	61.8379338
	-6.6688463	61.8380689
	-6.6689667	61.8380967
	-6.6693847	61.8381095
	-6.6696316	61.8381571
	-6.6699753	61.8383144
	-6.6701653	61.8385583
	-6.6702378	61.8386196
	-6.670507	61.8386787
	-6.6707628	61.8387247
	-6.6708385	61.8387947
	-6.6708583	61.8389116
	-6.6708327	61.8390106
	-6.6709728	61.8391478
	-6.6714667	61.8393713
	-6.6717264	61.8394854
	-6.6719901	61.8396753
	-6.6721982	61.839779
	-6.6724649	61.8397927
	-6.672578	61.8398922
	-6.672712	61.8399319
	-6.6728719	61.8399445
	-6.6729871	61.8399374
	-6.6732655	61.8399948
	-6.6733265	61.8400374
	-6.673384	61.8401574
	-6.6735519	61.8402999
	-6.6736787	61.8404258
	-6.6740603	61.8405071
	-6.6741384	61.8405498
	-6.6742535	61.8407512
	-6.674568	61.8409805
	-6.6748092	61.8411409
	-6.6749844	61.8412778
	-6.6753566	61.8414642
	-6.6763275	61.8419179
	-6.6764017	61.8422472
	-6.6765277	61.8424419
	-6.6764653	61.842598
	-6.6764698	61.8426802
	-6.6770298	61.8431845
	-6.6776158	61.8436985
	-6.6781878	61.8439746
	-6.678628	61.8443181
	-6.6789406	61.8444845
	-6.6791759	61.8445972
	-6.6792309	61.844743
	-6.6791837	61.8448355
	-6.6790944	61.8449068
	-6.6788934	61.8450069
	-6.6786936	61.8450863
	-6.678628	61.845256
	-6.6787508	61.845335
	-6.6788373	61.8453706
	-6.6788843	61.8455344
	-6.6789224	61.8456238
	-6.6790515	61.8456708
	-6.6795729	61.8457173
	-6.6795096	61.8457984
	-6.6791911	61.8458862
	-6.6791223	61.8459493
	-6.6791309	61.8460314
	-6.6790985	61.8461191
	-6.6789718	61.8462036
	-6.679109	61.8462343
	-6.679546	61.8461876
	-6.679916	61.8461723
	-6.6803138	61.8464925
	-6.6814226	61.8481133
	-6.6815354	61.8481994
	-6.6815964	61.8482621
	-6.6815803	61.848378
	-6.6814997	61.8485323
	-6.681373	61.8491147
	-6.681416	61.849268
	-6.681618	61.8493678
	-6.6816989	61.8495117
	-6.6818935	61.8501158
	-6.6820969	61.8510307
	-6.6821725	61.8511832
	-6.6822247	61.8513024
	-6.6821881	61.8514564
	-6.6823075	61.8516461
	-6.6829169	61.8518612
	-6.6832753	61.8519141
	-6.6831662	61.8543057
	-6.6853935	61.8552729
	-6.6853631	61.8555523
	-6.6867908	61.8562401
	-6.6872313	61.8562078
	-6.6880211	61.8564156
	-6.6885148	61.8566735
	-6.6894564	61.8569529
	-6.6895476	61.8573827
	-6.688735	61.8573899
	-6.688416	61.8577159
	-6.6886872	61.8579351
	-6.6895146	61.857965
	-6.6904164	61.8578576
	-6.6903526	61.8575762
	-6.6906336	61.8575224
	-6.6912993	61.8576919
	-6.6916885	61.8575979
	-6.6924194	61.8578352
	-6.6928962	61.8578358
	-6.6934133	61.8576854
	-6.693606	61.8577591
	-6.6929036	61.8580456
	-6.6927991	61.8584038
	-6.694299	61.8585381
	-6.6953148	61.8589501
	-6.6952008	61.8591694
	-6.6954951	61.8592858
	-6.6950774	61.8597425
	-6.695609	61.8597918
	-6.6956945	61.8600873
	-6.6967102	61.8599977
	-6.6972608	61.8609066
	-6.6966627	61.8612289
	-6.6967102	61.8614572
	-6.6957989	61.8616721
	-6.6959603	61.861887
	-6.6967482	61.8619183
	-6.6971659	61.8620168
	-6.697669	61.8625361
	-6.6976863	61.8628114
	-6.7005643	61.8631987
	-6.7026053	61.8629659
	-6.7033457	61.8632032
	-6.7033552	61.8637135
	-6.7036726	61.8636967
	-6.7042096	61.8637896
	-6.7043045	61.8636284
	-6.7050639	61.8636866
	-6.7053962	61.8637672
	-6.7064594	61.8635971
	-6.7070859	61.8637448
	-6.7072473	61.8640224
	-6.7075321	61.8640045
	-6.7075985	61.8637582
	-6.708377	61.8637717
	-6.7087092	61.8639463
	-6.7091649	61.8637851
	-6.7096585	61.8637896
	-6.7141391	61.8629346
	-6.7172243	61.862657
	-6.718397	61.8627658
	-6.719702	61.8633867
	-6.721063	61.863912
	-6.7224359	61.8641969
	-6.7254274	61.8645896
	-6.7282753	61.8649029
	-6.7284466	61.8650936
	-6.7284078	61.8653548
	-6.7286994	61.8654121
	-6.729025	61.865215
	-6.7291059	61.8654457
	-6.730874	61.8655072
	-6.7334252	61.8660332
	-6.7340659	61.8663073
	-6.7344566	61.8666063
	-6.7355831	61.8666022
	-6.7361481	61.8667597
	-6.7379768	61.8674616
	-6.7386512	61.8679371
	-6.7388213	61.8684928
	-6.7391559	61.8689043
	-6.7402126	61.8691202
	-6.7410814	61.8691402
	-6.7406075	61.869378
	-6.7408384	61.8696129
	-6.7418628	61.8704691
	-6.7419321	61.8711465
	-6.744548	61.8714944
	-6.744459	61.871823
	-6.7448463	61.8718815
	-6.7450078	61.8717181
	-6.747462	61.8720518
	-6.7509112	61.8722706
	-6.7531806	61.8723475
	-6.7533734	61.8725282
	-6.7546935	61.8723685
	-6.7559246	61.8723475
	-6.7569332	61.8725992
	-6.7574524	61.8729908
	-6.7586686	61.8731027
	-6.7586093	61.8733754
	-6.760853	61.8737252
	-6.7612703	61.8735925
	-6.7617412	61.8737858
	-6.7625462	61.8738932
	-6.7638068	61.8739684
	-6.7647029	61.8741152
	-6.7667534	61.874509
	-6.7670255	61.8746577
	-6.7677744	61.8746531
	-6.7688861	61.8747964
	-6.7691255	61.8749967
	-6.7695678	61.8750471
	-6.7699778	61.8754811
	-6.7704809	61.8757317
	-6.7716295	61.8759733
	-6.7727402	61.8764387
	-6.7730155	61.8766892
	-6.7747337	61.877347
	-6.7764588	61.877694
	-6.7775626	61.8776423
	-6.7786784	61.8776924
	-6.7790235	61.8778001
	-6.779977	61.8779063
	-6.7816728	61.8780948
	-6.7821439	61.8779123
	-6.7821876	61.8780933
	-6.7834408	61.8782794
	-6.7844376	61.8784919
	-6.7857451	61.8793355
	-6.7860395	61.8793197
	-6.787677	61.8802984
	-6.789267	61.8818086
	-6.7904893	61.8829436
	-6.7906694	61.8835553
	-6.7914834	61.8833907
	-6.7912842	61.8836243
	-6.7918091	61.8836908
	-6.791144	61.8838013
	-6.7910491	61.8839892
	-6.7916282	61.8845305
	-6.7924541	61.885045
	-6.7925298	61.8856763
	-6.7936334	61.8867835
	-6.7945775	61.8864648
	-6.7946771	61.8865454
	-6.7937034	61.8869617
	-6.7939243	61.8872138
	-6.7940487	61.8875495
	-6.7946491	61.8876183
	-6.7946584	61.8876872
	-6.7939803	61.8877224
	-6.794025	61.8878458
	-6.795122	61.8889711
	-6.7956397	61.8890336
	-6.7963092	61.8894452
	-6.7983509	61.889921
	-6.8000173	61.8905284
	-6.8007066	61.8905053
	-6.8034284	61.8913126
	-6.8036312	61.8915842
	-6.8047561	61.891899
	-6.8069394	61.8933212
	-6.8076609	61.8935538
	-6.807471	61.893679
	-6.8076799	61.8939384
	-6.8082495	61.8940055
	-6.8078033	61.8940681
	-6.8078223	61.8942872
	-6.8082495	61.8944303
	-6.8083159	61.8948865
	-6.808838	61.895204
	-6.8091643	61.8960355
	-6.8096677	61.8963747
	-6.8108828	61.8967289
	-6.811665	61.8967682
	-6.812713	61.8971188
	-6.8134117	61.8964463
	-6.8135863	61.8964498
	-6.8130472	61.8971868
	-6.8132902	61.8974837
	-6.8137003	61.897523
	-6.81408	61.8976339
	-6.8143154	61.8970079
	-6.814604	61.8970222
	-6.8144825	61.8977484
	-6.8154318	61.8977126
	-6.8168161	61.8980151
	-6.8182762	61.8981843
	-6.818477	61.8981185
	-6.8174004	61.8976503
	-6.8175497	61.8975467
	-6.8193732	61.8981117
	-6.8230361	61.8979788
	-6.8265728	61.8975708
	-6.8342402	61.8976414
	-6.8367493	61.8974307
	-6.8387575	61.8974916
	-6.8400644	61.8974396
	-6.8400248	61.8975725
	-6.8405441	61.8977693
	-6.8414935	61.8978047
	-6.8442666	61.8986016
	-6.844636	61.8988301
	-6.845906	61.8988301
	-6.8479886	61.8982771
	-6.850682	61.8980623
	-6.8533486	61.8981828
	-6.8537862	61.8979044
	-6.8540132	61.8979088
	-6.8546692	61.8977223
	-6.8546593	61.897651
	-6.8573856	61.8971588
	-6.8574694	61.8970948
	-6.858863	61.8969146
	-6.8598505	61.896877
	-6.8618214	61.8970336
	-6.8618646	61.8970095
	-6.8617021	61.8969241
	-6.8614903	61.8968678
	-6.8611918	61.8968229
	-6.8613617	61.8968102
	-6.8614396	61.8967927
	-6.8614999	61.8967652
	-6.8615298	61.8967265
	-6.8614624	61.8966388
	-6.8614076	61.8965906
	-6.8613747	61.8965389
	-6.8613832	61.8965022
	-6.8614318	61.8964705
	-6.8615023	61.8964491
	-6.8616358	61.8964339
	-6.8617619	61.8964497
	-6.861846	61.8964806
	-6.8619054	61.8965361
	-6.8619434	61.8966383
	-6.8620186	61.896717
	-6.8621331	61.8967737
	-6.8623197	61.8968511
	-6.8624795	61.8969096
	-6.8625233	61.8969487
	-6.8625513	61.8969972
	-6.862692	61.8970733
	-6.8629312	61.897176
	-6.8632046	61.8972047
	-6.8636355	61.8971562
	-6.8638479	61.8971387
	-6.8641444	61.8971586
	-6.8645279	61.8972273
	-6.8652159	61.8974055
	-6.8655296	61.8974976
	-6.8656705	61.8975803
	-6.8657688	61.8977076
	-6.8657461	61.8978658
	-6.8659242	61.8982041
	-6.8662942	61.8986029
	-6.8666329	61.8989308
	-6.8668705	61.8990479
	-6.8672863	61.8991614
	-6.8676105	61.8992209
	-6.8678674	61.8992967
	-6.8680022	61.8993764
	-6.868025	61.8994187
	-6.8680103	61.8994823
	-6.8680942	61.8995312
	-6.8681807	61.8995472
	-6.8683527	61.8995183
	-6.8685385	61.8995169
	-6.8687088	61.8995565
	-6.8688971	61.8996382
	-6.8691342	61.8997491
	-6.869588	61.8998178
	-6.8699341	61.8998341
	-6.8701215	61.8998033
	-6.8702791	61.8997436
	-6.8703921	61.8997143
	-6.8705679	61.8997178
	-6.8707829	61.8997494
	-6.8709104	61.8998073
	-6.8714753	61.8998865
	-6.8745399	61.900379
	-6.8748403	61.9004629
	-6.8751348	61.9006216
	-6.8752451	61.9007031
	-6.8753553	61.9007843
	-6.8753994	61.900836
	-6.8755216	61.9009784
	-6.8755639	61.9011257
	-6.8753091	61.9013498
	-6.8751063	61.9015375
	-6.8750562	61.9016822
	-6.8756667	61.9024542
	-6.8762475	61.9029687
	-6.8781773	61.9041324
	-6.8783518	61.9041797
	-6.8785133	61.9041774
	-6.8786485	61.9041655
	-6.8787885	61.9041347
	-6.8789082	61.904102
	-6.8789812	61.904093
	-6.8796405	61.9041006
	-6.8794284	61.9039806
	-6.8788094	61.9039616
	-6.8788991	61.9039085
	-6.8785999	61.9037175
	-6.8785405	61.903726
	-6.8781046	61.9032641
	-6.8780499	61.9031944
	-6.8780756	61.9031906
	-6.8781228	61.9032442
	-6.8781886	61.9032323
	-6.87826	61.9032212
	-6.8782211	61.9031751
	-6.8788409	61.9031281
	-6.8790891	61.9028627
	-6.8790523	61.9028294
	-6.8788173	61.9028432
	-6.8786583	61.9022527
	-6.8788807	61.9022373
	-6.8791394	61.9022212
	-6.8793792	61.9027664
	-6.8794411	61.9027869
	-6.8800562	61.9028898
	-6.8796819	61.9033329
	-6.8796443	61.9033738
	-6.88027	61.9034956
	-6.8804049	61.9035993
	-6.8804898	61.903602
	-6.8807221	61.9035816
	-6.8807715	61.9036257
	-6.8807978	61.9035596
	-6.8808387	61.9035475
	-6.8809014	61.9035377
	-6.8810403	61.9035441
	-6.8811016	61.9035636
	-6.8812243	61.9036332
	-6.8814227	61.9037816
	-6.8818534	61.9039891
	-6.8819385	61.9040169
	-6.8819788	61.9040219
	-6.8820267	61.9040175
	-6.8820786	61.904004
	-6.8821795	61.9039596
	-6.8822219	61.9039767
	-6.8822721	61.9039968
	-6.8822092	61.9040428
	-6.8821896	61.9040631
	-6.8821993	61.9040869
	-6.8822287	61.9041128
	-6.8826037	61.90433
	-6.8830699	61.9046396
	-6.8832404	61.9047528
	-6.8832702	61.9047829
	-6.8832689	61.9048162
	-6.8832444	61.9048612
	-6.8831857	61.9049091
	-6.8831038	61.9049468
	-6.882893	61.9050276
	-6.8824287	61.9051956
	-6.8820461	61.9054017
	-6.881855	61.9055177
	-6.8817665	61.9055499
	-6.8816861	61.9055544
	-6.8816093	61.9055445
	-6.8813696	61.9054962
	-6.8813175	61.905498
	-6.8812572	61.905503
	-6.8810399	61.9055826
	-6.8809385	61.9056266
	-6.8809126	61.9056266
	-6.8808551	61.9056103
	-6.8799855	61.9052681
	-6.8798242	61.9053581
	-6.8797851	61.9054181
	-6.8797805	61.9054927
	-6.879792	61.9055654
	-6.8798543	61.9056399
	-6.879985	61.9057373
	-6.8800787	61.9059297
	-6.8802822	61.9059874
	-6.880438	61.9060305
	-6.8805805	61.9060988
	-6.8806229	61.9061505
	-6.8807533	61.9062772
	-6.8809674	61.906369
	-6.8812073	61.9064241
	-6.8813361	61.9064218
	-6.8814487	61.9063934
	-6.8815404	61.9063281
	-6.8816691	61.9062841
	-6.8817956	61.906273
	-6.8819546	61.9062842
	-6.882235	61.9063496
	-6.882472	61.9064345
	-6.8826238	61.9064573
	-6.8827609	61.9064461
	-6.8828875	61.9064204
	-6.8829856	61.9063666
	-6.8831557	61.9063337
	-6.8835492	61.9063213
	-6.8838483	61.9063321
	-6.8840721	61.9063682
	-6.8843667	61.906478
	-6.8848416	61.9066889
	-6.8857184	61.9070702
	-6.8870252	61.9076568
	-6.8877011	61.9079093
	-6.888392	61.908119
	-6.8893467	61.9083815
	-6.8894612	61.9084013
	-6.8895956	61.908399
	-6.8897481	61.9083661
	-6.8900078	61.9082748
	-6.8900211	61.9082281
	-6.8900015	61.9081596
	-6.8901231	61.9081914
	-6.8901827	61.908233
	-6.8902683	61.9082392
	-6.8904063	61.9082104
	-6.8904432	61.9081624
	-6.8904548	61.9081118
	-6.8905422	61.9080988
	-6.8906171	61.9081136
	-6.8906584	61.9081292
	-6.8907036	61.9081166
	-6.8906438	61.9080564
	-6.8906109	61.9080031
	-6.8906217	61.9079724
	-6.8906871	61.9079594
	-6.8907544	61.9079639
	-6.8908703	61.9080608
	-6.8909289	61.9080713
	-6.8910235	61.9080904
	-6.8913529	61.9080811
	-6.891593	61.9080657
	-6.8916004	61.9080289
	-6.8915868	61.9079771
	-6.8914109	61.9078621
	-6.8913121	61.9077686
	-6.8912944	61.9077418
	-6.8913235	61.9077151
	-6.8914135	61.9077097
	-6.8914969	61.9077313
	-6.8917406	61.9078823
	-6.8920092	61.908038
	-6.8921036	61.908106
	-6.8921501	61.9081112
	-6.8922161	61.9080904
	-6.8923983	61.9080733
	-6.8930099	61.9080509
	-6.8935507	61.9080434
	-6.8937234	61.9080279
	-6.8939281	61.9079973
	-6.8940627	61.907959
	-6.8941225	61.907918
	-6.8942014	61.9078991
	-6.8943478	61.9078857
	-6.8945436	61.9078934
	-6.8946217	61.9079165
	-6.8947702	61.9079976
	-6.8948617	61.9080161
	-6.8949242	61.907984
	-6.894985	61.9079446
	-6.8951359	61.9079311
	-6.8952751	61.9079542
	-6.8953292	61.9080052
	-6.8954193	61.9080312
	-6.8957138	61.9080353
	-6.8963219	61.9080106
	-6.8965943	61.9079592
	-6.8969238	61.9078872
	-6.8969827	61.9078544
	-6.8969799	61.9078028
	-6.8967551	61.9075613
	-6.8967411	61.9075171
	-6.8967597	61.9074792
	-6.8968734	61.9074917
	-6.8969525	61.907546
	-6.8973871	61.9078675
	-6.8974761	61.9079025
	-6.8977458	61.9079123
	-6.8981089	61.9078654
	-6.8984479	61.907827
	-6.8987132	61.9077619
	-6.8989992	61.9077389
	-6.8995772	61.9077174
	-6.8997802	61.907741
	-6.9002706	61.9078662
	-6.9010369	61.9080255
	-6.9028842	61.9084041
	-6.9038716	61.9085738
	-6.9040406	61.9086028
	-6.9047651	61.9087159
	-6.9054467	61.9087788
	-6.9064146	61.9088297
	-6.9070242	61.9088853
	-6.9072299	61.9088948
	-6.9073732	61.9088834
	-6.9074587	61.9088471
	-6.9075083	61.9087929
	-6.9075601	61.9087957
	-6.9076332	61.9088346
	-6.9077237	61.9089372
	-6.9079163	61.9090241
	-6.9101509	61.9093331
	-6.9104658	61.9093412
	-6.9109745	61.9093024
	-6.9117045	61.909139
	-6.9122782	61.9090657
	-6.9129992	61.9090111
	-6.9132037	61.9089821
	-6.9134178	61.9089164
	-6.9142671	61.9087103
	-6.9149882	61.9085857
	-6.9155501	61.9084871
	-6.9162449	61.9083721
	-6.9165713	61.9083109
	-6.9172384	61.908196
	-6.9173245	61.9081971
	-6.9173996	61.908198
	-6.9175603	61.9082235
	-6.9177264	61.9082923
	-6.9178479	61.908365
	-6.9179701	61.9084117
	-6.9182702	61.9084561
	-6.9185351	61.908485
	-6.9186434	61.9085227
	-6.9187391	61.9085489
	-6.9188626	61.9085548
	-6.9190778	61.9085586
	-6.9195736	61.9086217
	-6.9199477	61.9086708
	-6.920501	61.9087008
	-6.9211148	61.9086977
	-6.9213909	61.9087266
	-6.9217251	61.9087579
	-6.9227559	61.9089698
	-6.9240834	61.9093255
	-6.9252935	61.9097399
	-6.9257695	61.9099248
	-6.9259497	61.909986
	-6.9261044	61.9100584
	-6.9261635	61.9101896
	-6.9262571	61.9104526
	-6.9264081	61.9106116
	-6.9266743	61.9107339
	-6.927065	61.9108648
	-6.9274695	61.9109389
	-6.9277144	61.9109461
	-6.9279118	61.9108999
	-6.9282249	61.910795
	-6.9284975	61.9106816
	-6.9287183	61.910648
	-6.9289814	61.9106484
	-6.9292835	61.9106992
	-6.929623	61.9107982
	-6.9302383	61.9110415
	-6.9305261	61.9111845
	-6.9308779	61.9113737
	-6.93118	61.9114917
	-6.9315541	61.9115632
	-6.93184	61.9116052
	-6.9325969	61.9116251
	-6.933369	61.9115796
	-6.9341201	61.9115204
	-6.9343404	61.9114891
	-6.9344353	61.9114336
	-6.9344389	61.9113665
	-6.9343916	61.9112528
	-6.9343963	61.9111831
	-6.934454	61.9111294
	-6.9346133	61.9111152
	-6.9360028	61.9113192
	-6.9373162	61.9114722
	-6.9378644	61.9115378
	-6.9379681	61.9115732
	-6.9380783	61.9116499
	-6.9383485	61.9120802
	-6.9385202	61.912322
	-6.9386556	61.9124304
	-6.9390007	61.9125431
	-6.9394398	61.9126783
	-6.9395965	61.9127458
	-6.9398664	61.9128393
	-6.9409089	61.9130468
	-6.9416435	61.9131183
	-6.9424489	61.9131708
	-6.9426629	61.9132016
	-6.9429955	61.9132776
	-6.9432955	61.9133739
	-6.9435942	61.9134604
	-6.9438319	61.9135292
	-6.9439756	61.9135827
	-6.9446237	61.9137839
	-6.945182	61.9138876
	-6.9457244	61.9139791
	-6.9461254	61.9140558
	-6.9463145	61.9140803
	-6.9464176	61.914052
	-6.9466279	61.9140893
	-6.9467898	61.9140784
	-6.9469024	61.9140037
	-6.9470289	61.9139697
	-6.9472062	61.9139571
	-6.9472556	61.914035
	-6.9473995	61.9140773
	-6.9476371	61.9140613
	-6.9477326	61.9140769
	-6.9478577	61.914101
	-6.9480017	61.9140881
	-6.9480382	61.9140338
	-6.9480801	61.913994
	-6.9481677	61.9140596
	-6.948263	61.9140458
	-6.9484253	61.9139442
	-6.9485778	61.9138792
	-6.94881	61.9138539
	-6.9490129	61.9138391
	-6.9491181	61.9137855
	-6.9491918	61.9137105
	-6.9493219	61.9137048
	-6.949525	61.9137033
	-6.9497934	61.913676
	-6.949997	61.9136089
	-6.9500967	61.9135254
	-6.9502378	61.9134702
	-6.9502974	61.9135377
	-6.9503697	61.9138041
	-6.9504425	61.9138827
	-6.9505976	61.9139571
	-6.9507876	61.9140397
	-6.9509024	61.9141056
	-6.9510705	61.9141887
	-6.9510666	61.9140999
	-6.9511307	61.9140729
	-6.9512062	61.9140899
	-6.9512899	61.914042
	-6.9513456	61.9139714
	-6.951063	61.9138813
	-6.9509416	61.9138234
	-6.9507603	61.9136425
	-6.9506999	61.9134953
	-6.9506825	61.9134098
	-6.950613	61.9133199
	-6.9505275	61.9132587
	-6.950587	61.913217
	-6.9507015	61.9132331
	-6.9511273	61.9134333
	-6.9513165	61.9134505
	-6.9519097	61.9131849
	-6.9524817	61.9126827
	-6.9526611	61.9123488